tree
version=v4
num_class=1
num_tree_per_iteration=1
label_index=0
max_feature_idx=20
objective=quantile
feature_names=units_sold lag_1 lag_7 lag_14 lag_30 rolling_mean_7 rolling_mean_30 rolling_std_7 rolling_std_30 seasonality_index month_sin month_cos dow_sin dow_cos is_weekend is_holiday days_to_holiday trend_strength acceleration category anchor
feature_infos=[0:0.77253560138447708] [0:1] [0:1] [0:1] [0:1] [0:1] [0:1] [0:1] [0:1] [0:1] [-1:1] [-1:1] [-0.97492791218182362:0.97492791218182362] [-0.90096886790241903:1] [0:1] [0:1] [1:30] [0.0099565994383455925:1] [0:1] -1:3:7:5:1:2:6:8:4:0:9 [0:0.77253560138447708]
tree_sizes=2133 2425 2530 2522 2522 2458 2625 2468 2475 2366 2928 2722 2366 2848 2464 2901 2453 2197 2589 2746 2962 2647 2463 2672 2398 2852 2963 2577 2406 2301 2742 2761 2749 2750

Tree=0
num_leaves=24
num_cat=1
split_feature=5 16 9 0 9 11 19 16 9 13 5 9 16 7 0 11 16 10 0 5 7 7 7
split_gain=14.8369 8.35174 2.77858 2.74211 1.67345 1.64276 1.18287 1.42032 3.02339 1.02934 0.46111 0.453434 0.979533 0.358942 0.177511 0.725491 1.42546 1.84465 1.22485 0.127971 0.0416302 0.0126561 0.034631
threshold=0.37423935091277893 29.500000000000004 0.72611232676878201 0.55882118566514938 0.5948212983223925 -0.9330127018922193 0 29.500000000000004 0.5970094821298324 1.0000000180025095e-35 0.32961460446247465 0.61670313639679086 17.500000000000004 0.11872966494569266 0.4823181611744996 0.6830127018922193 29.500000000000004 0.25000000000000011 0.51552759237848311 0.51926977687626785 0.13361070511376938 0.11992761639997179 0.12456006935358581
decision_type=2 2 2 2 2 2 1 2 2 2 2 2 2 2 2 2 2 2 2 2 2 2 2
left_child=3 19 4 14 -3 -5 20 11 -9 -4 -10 -8 -13 -12 21 -16 -17 18 -18 -2 -7 -1 -23
right_child=1 2 9 5 -6 6 7 8 10 -11 13 12 -14 -15 15 16 17 -19 -20 -21 -22 22 -24
leaf_value=0.62951762597864691 0.63267209314304196 0.63463984016480768 0.63481900711863926 0.63366096084738577 0.63362440818632693 0.63259620414702156 0.63269855840958977 0.63693091808189883 0.63264595424104275 0.63506875584549494 0.63454824629346873 0.63340020737680902 0.63233996588948949 0.63310938288139373 0.63195833126140211 0.63125225526714168 0.63409539587243524 0.63262992099485005 0.63434271216392513 0.63349945371012129 0.6334199132341104 0.63292364405066848 0.63024322022967705
leaf_weight=2946 43 32 30 23 20 146 79 26 37 22 28 21 28 24 560 106 20 31 20 21 21 21 56
leaf_count=2946 43 32 30 23 20 146 79 26 37 22 28 21 28 24 560 106 20 31 20 21 21 21 56
internal_value=0.632773 0.641515 0.646762 0.632423 0.641858 0.634683 0.634246 0.635519 0.638051 0.651666 0.635421 0.633457 0.635724 0.637243 0.632162 0.63258 0.634254 0.637544 0.6418 0.632988 0.632263 0.632061 0.63244
internal_weight=4361 168 104 4193 52 433 410 243 115 52 89 128 49 52 3760 737 177 71 40 64 167 3023 77
internal_count=4361 168 104 4193 52 433 410 243 115 52 89 128 49 52 3760 737 177 71 40 64 167 3023 77
cat_boundaries=0 1
cat_threshold=160
is_linear=0
shrinkage=1


Tree=1
num_leaves=26
num_cat=0
split_feature=5 16 9 0 9 11 13 16 0 7 17 9 9 8 9 0 11 8 7 8 5 0 8 7 7
split_gain=14.7903 8.35174 2.77858 2.70751 1.67345 1.64276 1.02934 0.86996 1.05765 0.733712 0.460699 0.336422 0.826255 0.26206 0.228566 0.199181 0.690642 1.68579 0.650968 0.624959 0.127971 0.114491 0.0482136 0.0474573 0.151213
threshold=0.37423935091277893 29.500000000000004 0.72611232676878201 0.55882118566514938 0.5948212983223925 -0.9330127018922193 1.0000000180025095e-35 29.500000000000004 0.57229813476139524 0.10937795756218473 0.34163049953195485 0.61670313639679086 0.69876002917578428 0.24281010727125305 0.5948212983223925 0.4823181611744996 0.6830127018922193 0.16120277903739247 0.071812787235275108 0.13293229993885244 0.51926977687626785 0.59743234789882671 0.30935014610256384 0.11596544270602603 0.12338484922465606
decision_type=2 2 2 2 2 2 2 2 2 2 2 2 2 2 2 2 2 2 2 2 2 2 2 2 2
left_child=3 20 4 15 -3 -5 -4 11 -9 14 -11 -7 -13 -12 -10 23 22 18 19 -18 -2 -16 -17 -1 -25
right_child=1 2 6 5 -6 7 -8 8 9 10 13 12 -14 -15 21 16 17 -19 -20 -21 -22 -23 -24 24 -26
leaf_value=-0.003200886791583076 -0.00012468916666830254 0.0017840254444444147 0.0019578173896611074 0.00083451250654514419 0.00079905642531810314 -0.0002463008786268067 0.0022000736547110509 0.0039940170045994119 -0.00018488552642493341 0.00093372294966729955 0.00045590633883801576 0.00051397823566247782 -0.0001280854234147044 0.0019383651103387905 0.00091564007600222893 -0.00083570902574736866 0.0013807341659805572 -0.00060074659910927032 0.001390478729925043 -0.00085567526080333408 0.00067785058339861373 0.0013673549751829072 -2.9736408297245109e-05 0.00068902518661015952 -0.001653221563624052
leaf_weight=2941 43 32 30 23 20 140 22 31 63 20 23 27 44 20 22 540 20 113 24 20 21 20 20 20 62
leaf_count=2941 43 32 30 23 20 140 22 31 63 20 23 27 44 20 22 540 20 113 24 20 21 20 20 20 62
internal_value=-1.39296e-05 0.00871423 0.0139614 -0.000363641 0.00905752 0.00188279 0.018865 0.00144512 0.00286808 0.00192856 0.00448802 0.000103081 0.00178519 0.00273831 0.000392854 -0.00062234 -0.000180121 0.00145338 0.00534367 0.00299993 0.000187498 0.00210709 -0.000696427 -0.000730151 -1.82917e-05
internal_weight=4361 168 104 4193 52 433 52 410 199 168 63 211 71 43 105 3760 737 177 64 40 64 42 560 3023 82
internal_count=4361 168 104 4193 52 433 52 410 199 168 63 211 71 43 105 3760 737 177 64 40 64 42 560 3023 82
is_linear=0
shrinkage=0.03


Tree=2
num_leaves=27
num_cat=1
split_feature=5 16 9 0 11 10 16 7 19 6 5 13 5 11 16 10 0 5 7 8 2 4 7 0 4 0
split_gain=13.1181 7.33528 3.84589 2.4 1.70163 1.14031 3.80902 1.06188 1.05513 1.37047 2.48518 1.02934 0.184335 0.653347 1.36742 1.50083 1.18108 0.127971 0.0455547 0.043918 0.0341258 0.0256085 0.0239682 0.0249988 0.00926474 0.0403836
threshold=0.37423935091277893 29.500000000000004 0.72611232676878201 0.55882118566514938 -0.9330127018922193 -0.5 25.500000000000004 0.12106829783344576 0 0.68064516129032271 0.32758620689655177 1.0000000180025095e-35 0.16937119675456394 0.6830127018922193 29.500000000000004 0.25000000000000011 0.50774919692187181 0.51926977687626785 0.1418343327749155 0.30935014610256384 0.15364583333333334 0.059895833333333336 0.11992761639997179 0.42480650353544097 0.10156250000000001 0.4646856256676653
decision_type=2 2 2 2 2 2 2 2 1 2 2 2 2 2 2 2 2 2 2 2 2 2 2 2 2 2
left_child=3 17 7 12 -5 6 -6 -3 9 10 -7 -4 22 19 -15 16 -16 -2 -10 -14 -11 -17 24 -24 -1 -26
right_child=1 2 11 4 5 8 -8 -9 18 20 -12 -13 13 14 15 21 -18 -19 -20 -21 -22 -23 23 -25 25 -27
leaf_value=-0.0033551055715478539 -0.0001209484916682535 0.00023130817049264894 0.0018990828679712757 0.0008094771313487914 -0.0017521660115790239 -3.6992909741362166e-05 0.003901375337193029 0.0020365637497342802 -0.00022929349748275067 -1.9890116748689574e-05 0.0011850212173641008 0.0021340714450697185 -0.0008523023422756348 -0.0015425401574910415 0.0012082306896617234 -0.00099699562681795028 0.0014542284734572462 0.00065751506589665435 0.00062021200020479287 -3.3134415869318086e-05 0.0011381788864644336 -1.7535823945872634e-05 -0.0053314145757028227 0.00018747507751266129 -0.0014339708785269223 -0.00064491916842536186
leaf_weight=2750 43 32 30 23 34 34 20 20 205 43 34 22 629 129 22 21 23 21 20 22 20 20 20 20 84 20
leaf_count=2750 43 32 30 23 34 34 20 20 205 43 34 22 629 129 22 21 23 21 20 22 20 20 20 20 84 20
internal_value=-4.14462e-05 0.00817852 0.013096 -0.000370796 0.00174422 0.00129878 0.00536101 0.00732678 0.000682583 0.00270743 0.00586756 0.018865 -0.000614361 -0.000230369 0.00120348 0.00413367 0.00791649 0.000187498 -0.000590422 -0.000703915 -0.000273804 -1.82915e-05 -0.000729266 7.15238e-10 -0.000739487 -0.000461533
internal_weight=4361 168 104 4193 433 410 54 52 356 131 68 52 3760 866 215 86 45 64 225 651 63 41 2894 40 2854 104
internal_count=4361 168 104 4193 433 410 54 52 356 131 68 52 3760 866 215 86 45 64 225 651 63 41 2894 40 2854 104
cat_boundaries=0 1
cat_threshold=518
is_linear=0
shrinkage=0.03


Tree=3
num_leaves=27
num_cat=1
split_feature=5 16 9 20 11 10 16 7 11 19 7 7 5 11 16 10 13 5 5 11 8 3 7 5 20 8
split_gain=12.5758 7.01111 3.4709 2.4 1.70163 1.14031 3.80902 1.06188 0.888457 0.846618 1.39083 1.19036 0.184335 0.653347 1.36742 1.50083 1.18108 0.181883 0.127971 0.0903291 0.043918 0.0256085 0.0239682 0.0249988 0.00488481 0.0447635
threshold=0.37423935091277893 29.500000000000004 0.72611232676878201 0.55882118566514938 -0.9330127018922193 -0.5 25.500000000000004 0.12106829783344576 0.25000000000000017 0 0.10937795756218473 0.12930297617133865 0.16937119675456394 0.6830127018922193 29.500000000000004 0.25000000000000011 -0.22252093395631442 0.33569979716024351 0.51926977687626785 -0.5 0.30935014610256384 0.059895833333333336 0.11992761639997179 0.15314401622718055 0.4646856256676653 0.10707025556729419
decision_type=2 2 2 2 2 2 2 2 2 1 2 2 2 2 2 2 2 2 2 2 2 2 2 2 2 2
left_child=3 18 7 12 -5 6 -6 -3 -4 10 17 -12 22 20 -15 16 -16 -7 -2 -11 -14 -17 24 -24 -1 -26
right_child=1 2 8 4 5 9 -8 -9 -10 19 11 -13 13 14 15 21 -18 -19 -20 -21 -22 -23 23 -25 25 -27
leaf_value=-0.0033392951667367307 -0.00011732003691820703 0.0002243689253778691 0.0012591100000482181 0.00078519281740832667 -0.0016996010312316534 -0.00010078338713966154 0.0037843340770772381 0.0019754668372422525 0.0021499935217154397 0.00014106804678876795 0.0011792458398042535 0.0003554465399833602 -0.00082673327200736614 -0.0014962639527663114 0.00096434526615831611 -0.00040964436761850391 0.0013183101878984187 0.0008524971779057327 0.00063778961391975579 -0.00023717616256242613 -3.2140383393239879e-05 -2.0712132910330275e-05 -0.0047481285700125423 0.00018185082518727995 -0.00062557159337260138 -0.002537164098895729
leaf_weight=2663 43 32 32 23 34 52 20 20 20 37 21 27 629 129 23 21 22 31 21 188 22 20 20 20 20 171
leaf_count=2663 43 32 32 23 34 52 20 20 20 37 21 27 629 129 23 21 22 31 21 188 22 20 20 20 20 171
internal_value=-4.83253e-05 0.00799995 0.0128076 -0.000370796 0.00174422 0.00129878 0.00536101 0.00732678 0.0182881 0.000682583 0.00249466 0.00674986 -0.000614361 -0.000230369 0.00120348 0.00413367 0.00791649 0.000334334 0.000187498 -0.000462763 -0.000703915 -1.82915e-05 -0.000729266 7.15238e-10 -0.000739487 -0.000592928
internal_weight=4361 168 104 4193 433 410 54 52 52 356 131 48 3760 866 215 86 45 83 64 225 651 41 2894 40 2854 191
internal_count=4361 168 104 4193 433 410 54 52 52 356 131 48 3760 866 215 86 45 83 64 225 651 41 2894 40 2854 191
cat_boundaries=0 1
cat_threshold=518
is_linear=0
shrinkage=0.03


Tree=4
num_leaves=27
num_cat=0
split_feature=5 16 8 0 11 10 16 6 6 5 4 3 4 5 0 11 16 10 8 4 6 0 5 8 0 8
split_gain=10.1706 5.02881 5.01594 2.1444 1.87064 1.2644 3.76674 0.941092 0.782564 0.57501 0.506943 0.259737 0.222097 0.379296 0.158431 0.554796 1.07608 1.282 0.0459293 0.0447635 0.0333322 0.0324549 0.00870754 0.0402207 0.0173473 0.0299988
threshold=0.36815415821501019 29.500000000000004 0.25928284646248428 0.55882118566514938 -0.9330127018922193 -0.5 25.500000000000004 0.67695852534562229 0.7009216589861752 0.32961460446247465 0.065104166666666671 0.065104166666666671 0.11197916666666667 0.35395537525354975 0.47964949943148871 0.6830127018922193 29.500000000000004 0.25000000000000011 0.30935014610256384 0.039062500000000007 0.59032258064516141 0.64473107689836062 0.15314401622718055 0.10631676495396537 0.45421979383876848 0.15463481449481423
decision_type=2 2 2 2 2 2 2 2 2 2 2 2 2 2 2 2 2 2 2 2 2 2 2 2 2 2
left_child=3 11 8 14 -5 6 -6 -4 -3 19 -11 -2 20 -14 22 18 -17 -18 -16 -7 -12 -13 -1 -24 25 -25
right_child=1 2 7 4 5 9 -8 -9 -10 10 12 21 13 -15 15 16 17 -19 -20 -21 -22 -23 23 24 -26 -27
leaf_value=-0.0034410099531906276 0.00064014735233521719 0.00073432266672196749 0.001146165182503921 0.00077698966972150835 -0.0016412561550177296 -0.00020311104053822847 0.0036708040547649211 0.0022382291204188407 -1.9593381183706792e-05 0.00045022386456796982 0.00056656548139250626 -8.4659365371097422e-05 0.00150226588089294 -6.8157748102697823e-05 -0.00077747845793422305 -0.0013987346179186021 0.0013717294386608294 -0.00011766786733987772 -2.9031121980945815e-05 -0.00025862874269193638 -3.9969264511622488e-05 -5.6071902271347391e-05 -0.0010524954427342124 0.0004246033763134818 -0.001824373579012698 -0.0023020895793405814
leaf_weight=2582 20 23 32 22 33 20 20 34 23 29 20 37 36 22 571 109 39 39 21 171 40 20 21 20 327 30
leaf_count=2582 20 23 32 22 33 20 20 34 23 29 20 37 36 22 571 109 39 39 21 171 40 20 21 20 327 30
internal_value=-9.64794e-05 0.00671028 0.0107678 -0.000404841 0.00164709 0.00116816 0.00547631 0.0160679 0.00316298 0.000492603 0.00190305 0.000808432 0.00102965 0.00235341 -0.000630286 -0.000249357 0.00117513 0.00386534 -0.000699322 -0.000592928 -0.000249995 -0.00022368 -0.000729865 -0.000599244 -0.000670422 -0.000149996
internal_weight=4361 189 112 4172 413 391 53 66 46 338 147 77 118 58 3759 779 187 78 592 191 60 57 2980 398 377 50
internal_count=4361 189 112 4172 413 391 53 66 46 338 147 77 118 58 3759 779 187 78 592 191 60 57 2980 398 377 50
is_linear=0
shrinkage=0.03


Tree=5
num_leaves=26
num_cat=1
split_feature=5 9 19 9 7 8 5 0 10 0 6 5 11 8 10 7 7 8 3 8 4 0 7 4 7
split_gain=8.7536 7.65453 1.7717 2.42351 1.25703 1.13974 2.20386 0.565898 2.12016 0.324595 0.198997 0.185145 0.657604 1.40625 1.3588 0.674471 0.12449 0.0719509 0.109085 0.0484656 0.040526 0.0397949 0.0260092 0.00850421 0.0411495
threshold=0.33569979716024351 0.97957695113056176 0 0.72611232676878201 0.098703409235773101 0.22119407178140213 0.39046653144016236 0.56082586125926026 -0.5 0.6006938435474457 0.66175115207373281 0.16937119675456394 0.6830127018922193 0.16120277903739247 0.25000000000000011 0.066733341775971358 0.060647555628343786 0.27719287970000966 0.13281250000000003 0.30935014610256384 0.11718750000000001 0.65204532230327683 0.11992761639997179 0.10156250000000001 0.045545301323032777
decision_type=2 2 1 2 2 2 2 2 2 2 2 2 2 2 2 2 2 2 2 2 2 2 2 2 2
left_child=7 2 3 4 10 -6 -7 11 -9 -4 -2 22 19 14 15 -14 -10 -18 -19 -13 -15 -11 23 -1 -25
right_child=1 -3 9 -5 5 6 -8 8 16 21 -12 12 13 20 -16 -17 17 18 -20 -21 -22 -23 -24 24 -26
leaf_value=-0.0031565665302343885 0.00015740695292323914 0.0023739478499922237 0.00024053092205987279 0.001187326556670717 0.00077243066427206384 0.00058307026212395675 0.001075206309141223 0.0030606309035019572 0.00010184341687746723 -9.1558203657424644e-05 -8.8176631958903777e-05 -0.00077267400231665674 0.00084045812783244871 -0.00053105772962815339 -0.0026735019488304812 0.0012425141443705478 -0.00023471427196055091 0.00026174703148834882 -0.00038962865135961646 0.00017249331040692484 -1.2938268116654531e-05 -9.4509876690015369e-05 -0.0007491909786380733 -0.0012010339736315127 -0.001258451834290363
leaf_weight=2785 27 21 20 37 34 21 28 36 23 78 40 632 24 120 27 22 167 20 24 20 21 20 37 20 93
leaf_count=2785 27 21 20 37 34 21 28 36 23 78 40 632 24 120 27 22 167 20 24 20 21 20 37 20 93
internal_value=-0.000142767 0.00458741 0.00338114 0.00507485 0.00364998 0.0061174 0.00904573 -0.000521554 0.000805553 0.000246092 0.000593275 -0.000615824 -0.000230369 0.00121261 0.0045924 0.00772809 -0.000237178 -0.000465637 0.000613623 -0.000703986 -0.00053723 -0.000443872 -0.000729556 -0.000739647 -0.000484508
internal_weight=4397 326 305 187 150 83 49 4071 270 118 67 3801 866 214 73 46 234 211 44 652 141 98 2935 2898 113
internal_count=4397 326 305 187 150 83 49 4071 270 118 67 3801 866 214 73 46 234 211 44 652 141 98 2935 2898 113
cat_boundaries=0 1
cat_threshold=546
is_linear=0
shrinkage=0.03


Tree=6
num_leaves=28
num_cat=1
split_feature=5 19 10 11 8 17 1 0 10 17 6 11 5 8 10 7 5 7 6 7 3 5 8 1 8 0 0
split_gain=6.9188 3.64678 2.70012 2.67407 1.47926 1.63814 0.66997 0.651071 2.05122 0.21403 0.586249 0.182967 0.65845 1.40625 1.3588 0.674471 0.129818 0.128721 0.11855 0.251402 0.056402 0.104756 0.0437879 0.040526 0.038094 0.0200804 0.0287222
threshold=0.33569979716024351 0 0.93301270189221952 0.6830127018922193 0.27719287970000966 0.44413241426261602 0.19531250000000003 0.56082586125926026 -0.5 0.34822568292060257 0.68064516129032271 0.6830127018922193 0.16937119675456394 0.16120277903739247 0.25000000000000011 0.066733341775971358 0.38235294117647062 0.088419907194990141 0.62811059907834121 0.088419907194990141 0.10156250000000001 0.37829614604462486 0.28376229104135253 0.039062500000000007 0.32168781531003504 0.4646856256676653 0.4707858179801318
decision_type=2 1 2 2 2 2 2 2 2 2 2 2 2 2 2 2 2 2 2 2 2 2 2 2 2 2 2
left_child=7 2 3 4 -2 -6 9 11 -9 10 -3 24 17 14 15 -14 -12 25 22 -20 -11 -22 -10 -15 -1 -13 -27
right_child=1 6 -4 -5 5 -7 -8 8 18 20 16 12 13 23 -16 -17 -18 -19 19 -21 21 -23 -24 -25 -26 26 -28
leaf_value=-0.0017166750941713048 0.0015829588480053521 0.0002243620447064825 -0.00036152186184570478 0.00020372364106878148 0.0018860599466738936 0.0019626258715795429 0.0011047174215117503 0.0029688119763968987 -0.00036098972827848519 -0.00020716412634400611 -8.1854063616921782e-05 -0.0028232692581522867 0.00081524438399747663 -1.2550120073154795e-05 -0.0025932968903655661 0.0012052387200394297 0.00026669491571728406 0.00039549401200456003 0.00014107060302977109 -2.8458981936247846e-05 0.00020463644285762447 -1.3756356744368435e-05 -0.0001184839599282688 -0.00019569967777020357 9.7731614996544592e-05 -0.00089929654940753634 -0.00281600342097011
leaf_weight=2696 31 22 23 27 20 22 21 36 141 61 37 789 24 21 27 22 20 29 34 39 20 22 20 120 26 20 27
leaf_count=2696 31 22 23 27 20 22 21 36 141 61 37 789 24 21 27 22 20 29 34 39 20 22 20 120 26 20 27
internal_value=-0.000170058 0.00403526 0.00787776 0.0106499 0.0136334 0.00996405 0.00125704 -0.000506816 0.000916664 0.000733513 0.0019082 -0.000607931 -0.000277339 0.00121261 0.0045924 0.00772809 0.000302627 -0.000645952 -0.000108973 0.000893824 -0.000167473 0.000678556 -0.00056366 -0.00053723 -0.000738978 -0.000714113 -0.000111699
internal_weight=4397 326 123 100 73 42 203 4071 270 182 79 3801 1079 214 73 46 57 865 234 73 103 42 161 141 2722 836 47
internal_count=4397 326 123 100 73 42 203 4071 270 182 79 3801 1079 214 73 46 57 865 234 73 103 42 161 141 2722 836 47
cat_boundaries=0 1
cat_threshold=548
is_linear=0
shrinkage=0.03


Tree=7
num_leaves=26
num_cat=1
split_feature=5 9 19 9 1 11 0 10 0 0 11 16 10 6 6 18 5 18 7 0 7 11 16 4 0
split_gain=6.36945 5.9134 1.15893 1.98125 1.40991 0.899049 0.651071 2.05122 0.324595 0.205831 0.761717 1.3421 1.39503 0.145016 0.11855 0.29694 0.106971 0.045935 0.0414071 0.0397949 0.0191114 0.0551833 0.123071 0.00908109 0.0381842
threshold=0.33569979716024351 0.97957695113056176 0 0.72611232676878201 0.096354166666666671 0.6830127018922193 0.56082586125926026 -0.5 0.6006938435474457 0.47964949943148871 0.6830127018922193 29.500000000000004 0.25000000000000011 0.63824884792626746 0.62811059907834121 0.47205882352941181 0.18965517241379312 0.51911764705882357 0.12930297617133865 0.65204532230327683 0.088419907194990141 0.6830127018922193 20.500000000000004 0.10156250000000001 0.4646856256676653
decision_type=2 2 1 2 2 2 2 2 2 2 2 2 2 2 2 2 2 2 2 2 2 2 2 2 2
left_child=6 2 3 4 -2 13 9 -8 -4 20 17 -12 -13 -6 18 -16 -14 -11 -9 -10 23 -22 -23 -1 -25
right_child=1 -3 8 -5 5 -7 7 14 19 10 11 12 16 -15 15 -17 -18 -19 -20 -21 21 22 -24 24 -26
leaf_value=-0.0030016089895516696 0.00080558322300996587 0.0022495456491298639 0.00022720328516601218 0.0011042179945304352 6.0812131247549341e-05 0.00091274569463700196 0.0028797476171049927 -0.00042499554327331284 -0.00011959655741712067 -0.00063841476354000533 -0.0013332016853610121 0.0010898504825562964 -0.0024805247023000306 -3.0696127387748061e-05 -0.0001207560818204637 0.00013987644478921207 5.3825839735706298e-05 8.2171813971351309e-05 7.5189167638384404e-05 -0.00010392221317280898 -0.0021140961169172066 -0.0025615690714409804 0.00064426951228403122 -0.0018740067197481965 -0.00093426752153872564
leaf_weight=2730 23 21 20 37 21 39 36 140 78 573 105 39 23 67 42 31 20 21 21 20 132 32 20 85 21
leaf_count=2730 23 21 20 37 21 39 36 140 78 573 105 39 23 67 42 31 20 21 21 20 132 32 20 85 21
internal_value=-0.000183704 0.00385122 0.00279098 0.00416115 0.00284998 0.00161219 -0.000506816 0.000916664 0.000246092 -0.000607931 -0.000173815 0.00149598 0.0043719 -6.81803e-05 -0.000108973 0.000893824 0.000645335 -0.000699493 -0.00056366 -0.000443872 -0.000720198 -0.00042391 0.000403839 -0.000739421 -0.000466976
internal_weight=4397 326 305 187 150 127 4071 270 118 3801 781 187 82 88 234 73 43 594 161 98 3020 184 52 2836 106
internal_count=4397 326 305 187 150 127 4071 270 118 3801 781 187 82 88 234 73 43 594 161 98 3020 184 52 2836 106
cat_boundaries=0 1
cat_threshold=546
is_linear=0
shrinkage=0.03


Tree=8
num_leaves=26
num_cat=1
split_feature=5 9 19 17 7 8 5 11 10 16 9 5 4 8 3 7 5 2 6 8 11 1 8 7 2
split_gain=6.34792 5.9134 1.15893 2.01567 1.55769 1.36091 0.554572 1.29987 2.6685 3.45728 1.9761 0.325026 0.283902 0.26747 0.498085 0.153179 0.0432423 0.0395823 0.0384421 0.0357132 0.0277306 0.139335 0.305737 0.148755 0.0357482
threshold=0.33569979716024351 0.97957695113056176 0 0.44413241426261602 0.14842600721355023 0.28376229104135253 0.18154158215010144 0.6830127018922193 -0.24999999999999994 29.500000000000004 0.50474106491611981 0.35598377281947263 0.039062500000000007 0.27719287970000966 0.10677083333333334 0.13361070511376938 0.19371196754563896 0.080729166666666671 0.67695852534562229 0.24855113226519951 0.6830127018922193 0.054687500000000007 0.11250973175725602 0.088419907194990141 0.085937500000000014
decision_type=2 2 1 2 2 2 2 2 2 2 2 2 2 2 2 2 2 2 2 2 2 2 2 2 2
left_child=6 2 3 4 11 -5 20 13 9 -9 -11 -2 -4 18 -15 16 -10 -14 -8 -13 -1 24 -23 -24 -22
right_child=1 -3 12 5 -6 -7 7 8 15 10 -12 19 17 14 -16 -17 -18 -19 -20 -21 21 22 23 -25 -26
leaf_value=-0.0028527402465415492 0.00018592528278203396 0.002182059279655969 0.00021193251423123338 0.00098477175778993666 0.0010709464833561705 0.0010088979270874237 -0.00049297927233576228 -0.00057681504631231786 -0.00054119915773349675 0.0010740768156435171 0.0029982292703233759 -5.9403984855607006e-05 3.0007421285289385e-05 0.00026033502086867717 -0.00018945541497505304 0.00019135197582238392 -0.0006937162973519672 -0.00025376744487482075 5.8384050331496644e-07 0.0002136719023367858 -0.0027847242728940755 0.00040873055626376926 -0.0020839383917635118 0.00056702135566226431 -6.0193140306238346e-05
leaf_weight=2206 39 21 22 20 33 25 617 36 20 29 20 50 20 20 33 20 128 76 25 20 749 20 99 22 27
leaf_count=2206 39 21 22 20 33 25 617 36 20 29 20 50 20 20 33 20 128 76 25 20 749 20 99 22 27
internal_value=-0.000176881 0.00385122 0.00279098 0.00416115 0.00263026 0.00991645 -0.000499446 0.000136077 0.00197727 0.00630875 0.0114947 0.000901369 0.000246092 -0.000534171 0.00151412 -0.000214284 -0.000547293 -0.000437495 -0.000703269 -0.000321423 -0.000692362 -0.000553706 0.000313828 -0.000254129 -0.000711339
internal_weight=4397 326 305 187 142 45 4071 948 253 85 49 109 118 695 53 168 148 96 642 70 3123 917 141 121 776
internal_count=4397 326 305 187 142 45 4071 948 253 85 49 109 118 695 53 168 148 96 642 70 3123 917 141 121 776
cat_boundaries=0 1
cat_threshold=546
is_linear=0
shrinkage=0.03


Tree=9
num_leaves=25
num_cat=0
split_feature=9 0 16 7 0 6 17 16 2 8 5 11 8 4 0 7 6 6 7 6 4 7 6 6
split_gain=5.85227 3.22631 1.2106 1.59648 1.75087 0.93172 0.6051 0.507216 0.3849 0.361759 0.202832 0.618609 1.41463 0.461235 0.598609 0.202727 0.152369 0.115076 0.0426678 0.0424803 0.0406252 0.0253351 0.0103793 0.126164
threshold=0.97957695113056176 0.56082586125926026 27.500000000000004 0.1598231199900437 0.57229813476139524 0.59308755760368681 0.4564717896349248 3.5000000000000004 0.16927083333333334 0.16747484369433055 0.16937119675456394 0.6830127018922193 0.16120277903739247 0.059895833333333336 0.49403747443035323 0.1136185938746033 0.61244239631336417 0.5986175115207375 0.060647555628343786 0.43732718894009226 0.11718750000000001 0.11992761639997179 0.30552995391705079 0.31105990783410148
decision_type=2 2 2 2 2 2 2 2 2 2 2 2 2 2 2 2 2 2 2 2 2 2 2 2
left_child=1 10 7 4 -4 -5 8 -3 15 -9 21 17 13 14 -13 19 -17 -12 -11 -6 -14 22 -1 -24
right_child=-2 2 3 5 6 -7 -8 9 -10 18 11 12 20 -15 -16 16 -18 -19 -20 -21 -22 -23 23 -25
leaf_value=-0.003291822773034081 0.002024491018330749 0.00075070921343481324 0.0027546268309150265 0.00094520993192543582 0.00065369358488099141 0.0010381276715474745 0.00039772429631592131 0.00014519942213966246 0.00065255935058521574 -0.0001444863848274297 -0.00070739859765975744 0.00088028402844720461 -0.00046276755273773725 0.001070458602297401 -0.00022498049380382992 -3.7478897630861211e-05 0.00070000043164913396 7.8000445506100081e-05 -0.00027178047402333599 -2.747515283939851e-05 4.7353379814770064e-06 -0.00068442175001122321 0.00010214438078104364 -0.0013683475408228494
leaf_weight=2548 31 23 32 24 20 34 31 21 25 21 619 27 122 24 22 28 20 33 181 113 21 37 29 311
leaf_count=2548 31 23 32 24 20 34 31 21 25 21 619 27 122 24 22 28 20 33 181 113 21 37 29 311
internal_value=-0.000190527 -0.000282752 0.00181544 0.00301146 0.0020381 0.00752573 0.00114873 0.00022561 0.000560678 -0.000211882 -0.000599722 -0.000197004 0.00119444 0.0045924 0.00292341 7.87296e-05 0.00174996 -0.000657974 -0.000601481 -0.000524431 -0.000540205 -0.00071923 -0.000729223 -0.000573527
internal_weight=4397 4366 573 327 269 58 237 246 206 223 3793 868 216 73 49 181 48 652 202 133 143 2925 2888 340
internal_count=4397 4366 573 327 269 58 237 246 206 223 3793 868 216 73 49 181 48 652 202 133 143 2925 2888 340
is_linear=0
shrinkage=0.03


Tree=10
num_leaves=31
num_cat=1
split_feature=9 0 17 9 0 8 5 5 0 1 11 8 6 19 6 9 8 5 3 9 5 1 13 9 3 18 0 18 11 12
split_gain=6.72572 3.13882 1.36392 1.83692 1.79862 1.76071 0.664794 0.640279 0.553186 0.351656 0.783585 1.94066 0.421947 0.309536 0.589896 0.634692 0.293693 0.226054 0.0880599 0.0802367 0.403604 0.0426841 0.0726736 0.0277765 0.0235817 0.012569 0.035293 0.00738514 0.0481674 0.139548
threshold=0.97957695113056176 0.56286410739646286 0.38435026806229261 0.53610503282275734 0.61636054089337511 0.28376229104135253 0.54056795131845847 0.2809330628803246 0.5896914389629998 0.085937500000000014 0.6830127018922193 0.14266440600799832 0.59308755760368681 0 0.65483870967741953 0.5970094821298324 0.19218106975147189 0.33772819472616639 0.080729166666666671 0.88366156090444947 0.16328600405679514 0.12239583333333334 1.0000000180025095e-35 0.53610503282275734 0.14843750000000003 0.436764705882353 0.43144704750910573 0.48088235294117648 0.6830127018922193 0.87837969732492682
decision_type=2 2 2 2 2 2 2 2 2 2 2 2 2 1 2 2 2 2 2 2 2 2 2 2 2 2 2 2 2 2
left_child=1 9 7 18 8 -6 -7 -3 -5 19 12 -12 -11 14 15 17 -13 23 -4 24 -21 22 -16 -9 25 26 -1 -27 -29 -30
right_child=-2 2 3 4 5 6 -8 13 -10 10 11 16 -14 -15 21 -17 -18 -19 -20 20 -22 -23 -24 -25 -26 27 -28 28 29 -31
leaf_value=-0.00070030958977021593 0.0021433814079724954 0.0024076280174370091 -0.00021522485643203201 0.002009279684993732 0.00093268332767285241 0.00018723798721031803 0.0017424560523354067 -0.00032618237482837141 -0.00010142816908460495 -0.00044189448850001086 0.0011841919580770294 0.0018193270075767655 0.00020279564147072414 -0.00025838431462979104 -1.5527806415942617e-05 0.0010945704236759494 -0.00061041649711020252 0.00065719091254885602 0.00021844444121773079 -0.003348996664309959 0.00098710412716409364 -7.4100938758728439e-05 0.00024494229711515735 0.0014902108665092579 -0.0008717034374128679 -0.0022205637765787211 -0.0014982312276232037 -0.0021819280218479276 -0.00091973027066944086 0.00019645592981722953
leaf_weight=20 31 24 45 22 23 21 20 25 37 301 21 22 20 132 26 35 56 20 28 134 32 69 27 20 38 2240 48 722 133 21
leaf_count=20 31 24 45 22 23 21 20 25 37 301 21 22 20 132 26 35 56 20 28 134 32 69 27 20 38 2240 48 722 133 21
internal_value=-0.000158565 -0.000257074 0.00181097 0.00384182 0.00607922 0.00956235 0.00583522 0.000757935 0.00230081 -0.000568802 0.00025 0.00258331 -0.000469624 0.00043644 0.00109267 0.00284997 0.000403842 0.00109614 7.19175e-05 -0.000670306 -2.71076e-05 -0.000258194 0.000382069 -8.33308e-05 -0.000703444 -0.000712311 -0.000308818 -0.000721116 -0.000647259 -0.000165583
internal_weight=4413 4382 574 196 123 64 41 378 59 3808 420 99 321 354 222 100 78 65 73 3388 166 122 53 45 3222 3184 68 3116 876 154
internal_count=4413 4382 574 196 123 64 41 378 59 3808 420 99 321 354 222 100 78 65 73 3388 166 122 53 45 3222 3184 68 3116 876 154
cat_boundaries=0 1
cat_threshold=38
is_linear=0
shrinkage=0.03


Tree=11
num_leaves=29
num_cat=2
split_feature=9 5 17 8 5 20 10 16 9 7 5 19 10 5 7 19 4 17 7 4 20 7 9 9 7 18 20 2
split_gain=6.75859 3.13117 1.99802 1.87117 1.07148 0.845073 1.45552 2.77759 0.353171 0.267951 0.20337 0.527627 1.66112 0.187491 0.164596 0.160936 0.204541 0.407506 0.122887 0.0975122 0.0479953 0.0209151 0.0444767 0.111713 0.0401951 0.0292282 0.016585 0.0330497
threshold=0.97957695113056176 0.36409736308316437 0.38435026806229261 0.28376229104135253 0.54462474645030434 0.55882118566514938 -0.5 23.500000000000004 0.80598103574033564 0.15278835336889349 0.18154158215010144 0 -0.5 0.46348884381338745 0.074370269331996156 1 0.12239583333333334 0.350651008424815 0.048735142171201735 0.10156250000000001 0.48493823695648747 0.075870623877683993 0.5970094821298324 0.61670313639679086 0.11872966494569266 0.436764705882353 0.48396969785105232 0.075520833333333343
decision_type=2 2 2 2 2 2 2 2 2 2 2 1 2 2 2 1 2 2 2 2 2 2 2 2 2 2 2 2
left_child=1 5 19 -4 13 10 7 -7 9 15 21 12 -12 -5 -14 16 17 -8 -13 -3 -20 25 -23 -24 -25 -1 -27 -28
right_child=-2 2 3 4 -6 6 8 -9 -10 -11 11 18 14 -15 -16 -17 -18 -19 20 -21 -22 22 23 24 -26 26 27 -29
leaf_value=-0.0010365321618089759 0.002079079965733319 0.00035244261502981241 0.00088752134833164581 0.00018162084759400842 0.0016651108430171876 -0.0019450838378999742 0.00020577944332613379 0.0032406802158436712 0.00091602836722292063 0.00099615488106940273 0.0011401052388543441 0.00055268171662442025 0.00019671177222660186 -0.00018018855040922188 -0.00096181514527479337 -0.00026294357975348504 -2.5565604883194809e-05 -0.00020497516206367718 -0.00020254208324317952 -6.0400772743704404e-05 -0.0003011805643594889 -0.0012376236782712989 0.00012320310139586957 -0.0019149795355458364 -0.00054371879906461808 -0.0026817865460089293 -0.0028096461595729936 -0.0010166996933307357
leaf_weight=33 31 27 32 24 21 25 29 20 29 24 33 29 20 24 93 223 45 26 20 52 479 202 23 82 20 2688 39 20
leaf_count=33 31 27 32 24 21 25 29 20 29 24 33 29 20 24 93 223 45 26 20 52 479 202 23 82 20 2688 39 20
internal_value=-0.000192555 -0.000291305 0.00358331 0.00637865 0.00359777 -0.000457281 0.000817695 0.00591654 0.000207447 -5.83565e-05 -0.000599245 -0.000126854 0.00141345 0.00112498 -0.000219024 -0.000285602 0.000681813 0.00197724 -0.000568771 9.49427e-06 -0.000689878 -0.000701721 -0.000474768 -2.9999e-05 -0.000455877 -0.000728416 -0.000739078 -0.000241521
internal_weight=4413 4382 180 101 69 4202 421 45 376 347 3781 674 146 48 113 323 100 55 528 79 499 3107 327 125 102 2780 2747 59
internal_count=4413 4382 180 101 69 4202 421 45 376 347 3781 674 146 48 113 323 100 55 528 79 499 3107 327 125 102 2780 2747 59
cat_boundaries=0 1 2
cat_threshold=52 6
is_linear=0
shrinkage=0.03


Tree=12
num_leaves=25
num_cat=0
split_feature=9 5 17 8 3 0 16 11 8 8 7 11 16 6 8 12 7 1 0 16 1 3 0 8
split_gain=6.74543 2.59541 1.64269 1.66296 0.916876 0.812888 0.498108 0.803227 2.62332 1.00408 0.408098 0.231784 0.627582 2.02602 0.979501 0.888553 1.25993 0.156969 0.139785 0.229894 0.123276 0.0569354 0.128565 0.0366543
threshold=0.97957695113056176 0.36409736308316437 0.38435026806229261 0.28376229104135253 0.085937500000000014 0.54665645269236129 29.500000000000004 0.6830127018922193 0.20249421316166533 0.27323002848564254 0.11470218836877218 0.6830127018922193 29.500000000000004 0.27603686635944708 0.19123505505912505 -1.0000000180025095e-35 0.060420512343985253 0.14843750000000003 0.59889677441000055 15.500000000000002 0.12239583333333334 0.039062500000000007 0.41741515485649366 0.32168781531003504
decision_type=2 2 2 2 2 2 2 2 2 2 2 2 2 2 2 2 2 2 2 2 2 2 2 2
left_child=1 5 20 -4 -5 11 18 9 -9 17 -10 23 -13 21 15 -15 -17 -8 -7 -20 -3 -14 -23 -1
right_child=-2 2 3 4 -6 6 7 8 10 -11 -12 12 13 14 -16 16 -18 -19 19 -21 -22 22 -24 -25
leaf_value=-0.001947094775616917 0.0020167075667613197 0.00034550468540992554 0.00086089570788169486 0.0001467899525489784 0.0010712068605696285 -0.00027414894965742777 -0.00013254259659697295 0.0031228450865777402 -0.00021690980774677294 0.00093224933833536072 0.00083558743668189349 -0.0027380501128516604 -0.0021546325756985653 5.3509442298565366e-05 -0.00010509263178252876 0.00062432207532838846 0.001142483048808815 0.0005209485849082267 0.00022886913773293767 -0.00012096193587488773 -7.7413413676868218e-05 8.1578393944711485e-05 -0.00048407704528935676 -4.8646154569599239e-06
leaf_weight=2587 31 23 32 38 31 176 139 22 44 20 25 688 220 25 24 22 26 22 37 42 56 20 36 27
leaf_count=2587 31 23 32 38 31 176 139 22 44 20 25 688 220 25 24 22 26 22 37 42 56 20 36 27
internal_value=-0.000178959 -0.000277612 0.00324998 0.0057846 0.003163 -0.000428724 0.000673149 0.00156617 0.00386534 0.000410219 0.000989117 -0.000586734 -0.00021277 0.000778149 0.00450769 0.00623622 0.00862482 -0.000377326 -0.00027941 0.000768978 9.49427e-06 -0.000532606 0.000321424 -0.000738522
internal_weight=4413 4382 180 101 69 4202 527 272 91 181 69 3675 1061 373 97 73 48 161 255 79 79 276 56 2614
internal_count=4413 4382 180 101 69 4202 527 272 91 181 69 3675 1061 373 97 73 48 161 255 79 79 276 56 2614
is_linear=0
shrinkage=0.03


Tree=13
num_leaves=30
num_cat=1
split_feature=9 5 17 8 3 5 10 16 10 12 19 9 20 16 1 7 7 5 20 2 2 8 7 4 7 6 4 1 17
split_gain=6.75859 2.37519 1.47806 1.72405 0.783634 0.743427 0.878995 4.99041 2.41399 1.93373 0.416525 1.11362 0.295039 0.307251 0.123276 0.119994 0.0681082 0.123071 0.0437491 0.0437149 0.0357065 0.161124 0.0445346 0.0268357 0.0104404 0.0385047 0.000964679 0.0145413 0.0341258
threshold=0.97957695113056176 0.36409736308316437 0.38435026806229261 0.27323002848564254 0.085937500000000014 0.18154158215010144 -0.5 29.500000000000004 -0.6830127018922193 1.0000000180025095e-35 0 0.72611232676878201 0.59889677441000055 15.500000000000002 0.12239583333333334 0.095129496739318989 0.11596544270602603 0.16328600405679514 0.50532152180681911 0.19010416666666669 0.080729166666666671 0.11250973175725602 0.042075404493665751 0.15364583333333334 0.088419907194990141 0.23597761685319293 0.044270833333333336 0.018229166666666668 0.29617288624005594
decision_type=2 2 2 2 2 2 2 2 2 2 1 2 2 2 2 2 2 2 2 2 2 2 2 2 2 2 2 2 2
left_child=1 5 14 -4 -5 16 7 -7 -9 -10 11 12 18 -14 -3 -15 20 -18 -8 -12 23 -22 -23 24 26 -26 -1 28 -28
right_child=-2 2 3 4 -6 6 10 8 9 -11 19 -13 13 15 -16 -17 17 -19 -20 -21 21 22 -24 -25 25 -27 27 -29 -30
leaf_value=-0.003191784635765125 0.0019562063397584803 0.00033513954484762712 0.00084079599648225042 0.00014238625397250778 0.0010348187401735321 -0.0012863082740607 -7.3099130136950315e-05 -0.00020291587847482518 0.0018162746084263101 0.0029673155656085434 -0.00028546104582629213 0.0010302431520293983 0.00049205285195637089 -2.4884919454890582e-05 -7.509101126656299e-05 5.6794394925002028e-05 -0.0032717942591695358 0.00061367592128037116 -9.7443724114711804e-05 -0.00034531480158487275 0.0002899782474075984 -0.001416656727724903 -0.0014442022856566742 -0.00051536598724119293 -7.2059239789475923e-05 -0.0010346697857960634 -0.0014210900349645654 -0.0020670552562179986 -0.0016185887413173708
leaf_weight=1979 31 23 29 38 34 194 20 23 20 28 553 23 22 30 56 20 32 20 140 22 20 20 163 35 20 67 43 688 20
leaf_count=1979 31 23 29 38 34 194 20 23 20 28 553 23 22 30 56 20 32 20 140 22 20 20 163 35 20 67 43 688 20
internal_value=-0.000192555 -0.000291305 0.00308332 0.00548757 0.00299996 -0.000435863 0.000236302 0.00174056 0.00854566 0.0123747 -0.000243975 0.000749998 0.000155172 0.00174998 9.49427e-06 0.000449992 -0.000672754 0.000403839 -0.000562496 -0.000685896 -0.000691079 -0.000306648 -0.000586062 -0.000718442 -0.0007287 -0.000405167 -0.00073901 -0.000710052 -0.000273804
internal_weight=4413 4382 180 101 72 4202 1095 265 71 48 830 255 232 72 79 50 3107 52 160 575 3055 203 183 2852 2817 87 2730 751 63
internal_count=4413 4382 180 101 72 4202 1095 265 71 48 830 255 232 72 79 50 3107 52 160 575 3055 203 183 2852 2817 87 2730 751 63
cat_boundaries=0 1
cat_threshold=34
is_linear=0
shrinkage=0.03


Tree=14
num_leaves=26
num_cat=0
split_feature=9 20 16 9 11 6 9 17 11 9 6 1 8 16 8 16 4 8 5 5 1 6 3 20 5
split_gain=5.87234 2.1157 0.989004 1.37027 1.80951 2.25381 1.72535 0.431658 0.267315 0.775465 2.17865 0.47464 1.85954 0.221017 0.160867 0.20908 0.0626076 0.375822 0.0614786 0.123071 0.0423679 0.0327574 0.0303909 0.00356229 0.0460622
threshold=0.97957695113056176 0.55882118566514938 27.500000000000004 0.72611232676878201 0.6830127018922193 0.53041474654377896 0.88366156090444947 0.42051740277423205 0.6830127018922193 0.5970094821298324 0.26682027649769591 0.085937500000000014 0.14266440600799832 3.5000000000000004 0.17733378743684181 17.500000000000004 0.044270833333333336 0.10707025556729419 0.18965517241379312 0.21196754563894527 0.13281250000000003 0.15161290322580648 0.080729166666666671 0.51352851336407135 0.21196754563894527
decision_type=2 2 2 2 2 2 2 2 2 2 2 2 2 2 2 2 2 2 2 2 2 2 2 2 2
left_child=1 8 13 4 -4 7 -5 -6 20 11 21 16 -13 -3 15 -15 -10 -18 -19 -20 23 -11 -9 -1 -25
right_child=-2 2 3 6 5 -7 -8 22 9 10 -12 12 -14 14 -16 -17 17 18 19 -21 -22 -23 -24 24 -26
leaf_value=-0.0022060773046324697 0.0018975201495657268 0.00058862929511342417 -6.0012906984205256e-05 0.00097312333068677115 0.0016661427428425631 0.0028164519302684233 0.00076013468238835349 -0.00016259822079392063 -0.0029119363200469 -0.0046995272951838168 0.0009377517330940938 0.00096366236498456308 -0.0002233105479117791 0.00013165944750240881 -0.00020785881946763901 -0.00026589406918151129 7.1092178729899427e-05 -0.0012791866561385206 0.00010915340283420462 -0.00099776454799307729 7.0809226543647441e-05 -6.9897462595791546e-05 2.1778929496588788e-05 -0.00090806570475189042 -0.00026857713694830983
leaf_weight=2418 31 28 152 37 29 34 39 31 647 38 20 20 63 22 185 23 20 207 20 32 23 20 20 20 234
leaf_count=2418 31 28 152 37 29 34 39 31 647 38 20 20 63 22 185 23 20 207 20 32 23 20 20 20 234
internal_value=-0.00021295 -0.000304997 0.00135 0.00240789 0.00139285 0.00424996 0.00596045 0.00149998 -0.000567556 -0.000170422 0.0027115 -0.00039321 0.0017801 -5.23247e-05 -0.000358693 0.00124997 -0.000588012 -0.000212364 -0.000518337 0.000403839 -0.000727736 -0.000232754 -0.000161761 -0.000738771 -0.000631887
internal_weight=4413 4382 600 342 266 114 76 80 3782 1087 78 1009 83 258 230 45 926 279 259 52 2695 58 51 2672 254
internal_count=4413 4382 600 342 266 114 76 80 3782 1087 78 1009 83 258 230 45 926 279 259 52 2695 58 51 2672 254
is_linear=0
shrinkage=0.03


Tree=15
num_leaves=31
num_cat=0
split_feature=9 0 16 10 6 7 6 7 0 11 16 10 13 6 9 2 8 8 16 7 0 11 18 16 0 12 1 9 0 2
split_gain=4.41393 2.18619 1.25365 2.99911 1.45741 0.958357 0.512952 0.33728 0.252346 0.575944 1.28495 1.91589 1.08982 0.239359 0.450401 0.262485 0.180793 0.122401 0.140044 0.0452373 0.0424803 0.0288013 0.132567 0.302158 0.0287222 0.0285112 0.140295 0.0168617 0.0282596 0.0115215
threshold=0.97957695113056176 0.56286410739646286 27.500000000000004 0.25000000000000011 0.52764976958525367 0.18502856309113072 0.60875576036866375 0.1136185938746033 0.47964949943148871 0.6830127018922193 29.500000000000004 0.25000000000000011 -0.22252093395631442 0.69631336405529975 0.65134938001458809 0.11718750000000001 0.32168781531003504 0.16747484369433055 3.5000000000000004 0.061413298199477807 0.62460857321909224 0.6830127018922193 0.4661764705882353 29.500000000000004 0.49067235489645161 0.87837969732492682 0.049479166666666671 0.21188913202042306 0.49403747443035323 0.039062500000000007
decision_type=2 2 2 2 2 2 2 2 2 2 2 2 2 2 2 2 2 2 2 2 2 2 2 2 2 2 2 2 2 2
left_child=1 8 17 4 -4 7 -6 20 21 16 -11 12 -12 14 15 -9 27 -3 -19 -20 -5 -1 23 -23 -13 -24 -27 28 -10 -29
right_child=-2 2 3 5 6 -7 -8 13 9 10 11 24 -14 -15 -16 -17 -18 18 19 -21 -22 22 25 -25 -26 26 -28 29 -30 -31
leaf_value=-0.002462667327193269 0.0014234341474040455 7.3844205036333662e-05 0.0015649230318473182 -0.00016011256823395074 0.002389952603093614 0.0008883954782284365 0.00076759540668921273 -0.00031597355691696859 -0.0027966361489045141 -0.0011148127753304606 0.0007875878099373576 1.7305943538125663e-05 0.0020243153885774307 -5.309363533753945e-05 0.00089059643264649026 0.00016377353652840334 0.00016938772126021319 0.0004547445331900257 -0.00018157804319409018 -0.00020041820587714241 0.00010762968664522467 -0.0026201103340837847 -0.0017775872916026302 8.3768603656274274e-05 -0.00015055895994553362 -0.0039146177797785946 4.3327688918472183e-05 -0.0013332490003881211 -3.5557017240526056e-05 -0.00054480004283327611
leaf_weight=2083 30 22 36 113 21 24 20 28 26 120 20 20 21 24 21 20 20 23 20 190 20 61 665 34 27 96 23 75 20 477
leaf_count=2083 30 22 36 113 21 24 20 28 26 120 20 20 21 24 21 20 20 23 20 190 20 61 665 34 27 96 23 75 20 477
internal_value=-0.000218181 -0.00029691 0.00141495 0.00264449 0.00782133 0.00105 0.0116887 0.000444689 -0.000559925 -9.62461e-05 0.00126923 0.00402268 0.00876198 0.00183063 0.00272822 0.00112498 -0.000555824 -0.000161763 -0.000363732 -0.000607139 -0.000524431 -0.000689229 -0.000545221 0.000513153 -0.000111699 -0.000673468 -0.000245796 -0.000649664 -9.78232e-05 -0.00069565
internal_weight=4400 4370 582 327 77 250 41 226 3788 826 208 88 41 93 69 48 618 255 233 210 133 2962 879 95 47 784 119 598 46 552
internal_count=4400 4370 582 327 77 250 41 226 3788 826 208 88 41 93 69 48 618 255 233 210 133 2962 879 95 47 784 119 598 46 552
is_linear=0
shrinkage=0.03


Tree=16
num_leaves=26
num_cat=0
split_feature=9 0 16 10 9 9 11 16 6 10 13 17 4 6 16 4 7 6 6 7 7 17 0 2 9
split_gain=4.41393 1.9308 1.09507 3.02116 2.71431 2.48517 0.272727 0.795762 2.43634 1.87173 1.0292 0.514257 0.194257 0.736756 0.114663 0.1034 0.138394 0.0864904 0.109085 0.0530431 0.120978 0.0371784 0.0143672 0.0384366 0.0341508
threshold=0.97957695113056176 0.56286410739646286 27.500000000000004 -0.5 0.72611232676878201 0.89824945295404834 0.6830127018922193 29.500000000000004 0.28064516129032263 0.25000000000000011 -0.22252093395631442 0.27207075553364507 0.070312500000000014 0.53041474654377896 3.5000000000000004 0.044270833333333336 0.05468897878109228 0.5986175115207375 0.64377880184331815 0.092848179558897223 0.086056542320642804 0.2758488639264744 0.51352851336407135 0.039062500000000007 0.26659372720641877
decision_type=2 2 2 2 2 2 2 2 2 2 2 2 2 2 2 2 2 2 2 2 2 2 2 2 2
left_child=1 6 14 -4 12 -6 17 -8 15 10 -10 -11 13 -5 -3 -9 -17 22 -19 20 21 -16 -1 -24 -25
right_child=-2 2 3 4 5 -7 7 8 9 11 -12 -13 -14 -15 19 16 -18 18 -20 -21 -22 -23 23 24 -26
leaf_value=-0.002116634156194108 0.0013807311229819229 0.00044110219719432404 0.0021563417172180618 -0.00071767752887520232 0.00093745160984377016 0.00071489284394082701 -0.0021868907449932896 -0.0022263567694838686 0.00075864479421635614 0.00010443263195253938 0.0019111966314286995 -0.00018829094382930866 -7.5426775634249962e-05 0.00022164154728932078 -2.5971944633950478e-05 3.1628054115612012e-05 -0.00019240197336475913 0.00016430608962240766 -0.00022101422420256768 -0.00018664175123489678 7.6451469511895119e-05 -0.00012631829061892253 -0.00045762283537977461 -5.8580870306205072e-05 -0.00041059195783900605
leaf_weight=2405 30 23 33 58 34 34 697 224 21 20 22 36 144 24 20 33 34 20 24 134 20 58 20 26 206
leaf_count=2405 30 23 33 58 34 34 697 224 21 20 22 36 144 24 20 33 34 20 24 134 20 58 20 26 206
internal_value=-0.000218181 -0.00029691 0.00131185 0.002461 0.00149489 0.0067499 -0.000544086 -0.000142823 0.000942306 0.00500753 0.00971489 0.00139283 -8.62821e-05 0.00107926 -0.000161763 -0.000440719 0.000593275 -0.000705571 0.000613623 -0.000362067 0.000168366 -0.000365379 -0.000727417 -0.000511902 -0.000620686
internal_weight=4400 4370 582 327 294 68 3788 1087 390 99 43 56 226 82 255 291 67 2701 44 232 98 78 2657 252 232
internal_count=4400 4370 582 327 294 68 3788 1087 390 99 43 56 226 82 255 291 67 2701 44 232 98 78 2657 252 232
is_linear=0
shrinkage=0.03


Tree=17
num_leaves=23
num_cat=0
split_feature=9 0 16 9 9 11 6 17 11 16 6 8 0 8 8 16 4 8 8 0 5 1
split_gain=4.44548 1.67214 1.03178 1.51161 2.34024 1.29678 2.23407 0.356589 0.177246 0.535051 1.66776 1.21597 1.00582 0.138393 0.127595 0.123386 0.0982677 0.321413 0.0251197 0.0143644 0.0466266 0.0803544
threshold=0.97957695113056176 0.55882118566514938 28.500000000000004 0.72611232676878201 0.88366156090444947 0.6830127018922193 0.52764976958525367 0.42051740277423205 0.6830127018922193 29.500000000000004 0.28433179723502316 0.19218106975147189 0.49067235489645161 0.32168781531003504 0.16640278872593822 3.5000000000000004 0.044270833333333336 0.11949420284674021 0.17733378743684181 0.51352851336407135 0.22413793103448279 0.080729166666666671
decision_type=2 2 2 2 2 2 2 2 2 2 2 2 2 2 2 2 2 2 2 2 2 2
left_child=1 8 14 5 -5 -4 7 -7 13 -10 16 12 -12 19 -3 -16 -11 -18 -17 -1 21 -21
right_child=-2 2 3 4 -6 6 -8 -9 9 10 11 -13 -14 -15 15 18 17 -19 -20 20 -22 -23
leaf_value=-0.0020540761473829337 0.0013393091892924668 6.9335334799888794e-05 -6.9167234993609394e-05 0.00091075726664660464 0.00069173402062119708 0.0015045205180853258 0.0025557143735094913 -9.3847914684330012e-05 -0.0021180048208593026 -0.002028068950430971 0.00052653678487139084 -0.00061108876850499497 0.00084422672252424931 0.00010474202130555416 0.0004258356596195331 -4.5583699515133982e-05 4.947828926231661e-05 -0.00024049483748199259 -0.00020350190025107681 4.8604945426304929e-05 -0.00024476129756995156 -0.0010006172660405425
leaf_weight=2400 30 22 140 33 36 29 38 53 692 227 25 30 36 28 26 34 20 50 199 28 188 36
leaf_count=2400 30 22 140 33 36 29 38 53 692 227 25 30 36 28 26 34 20 50 199 28 188 36
internal_value=-0.00025909 -0.0003381 0.00111885 0.00225911 0.00620643 0.00121153 0.00349997 0.000713407 -0.000574467 -0.000249999 0.000641752 0.00419501 0.00662694 -0.000705223 -0.000216191 -0.000402507 -0.000446967 0.000535707 -0.000621241 -0.000727375 -0.000511902 0.000187498
internal_weight=4400 4370 610 329 69 260 120 82 3760 1080 388 91 61 2680 281 259 297 70 233 2652 252 64
internal_count=4400 4370 610 329 69 260 120 82 3760 1080 388 91 61 2680 281 259 297 70 233 2652 252 64
is_linear=0
shrinkage=0.03


Tree=18
num_leaves=27
num_cat=1
split_feature=9 0 9 10 9 9 7 6 19 6 11 0 8 9 3 8 9 3 0 0 2 3 18 0 2 9
split_gain=4.44548 1.67214 0.768787 2.06788 2.04087 1.15666 0.979353 1.01016 0.23987 0.523366 0.177246 0.422483 1.07568 0.538049 0.139378 0.138393 0.0704202 0.309598 0.0999894 0.0629949 0.102433 0.0421835 0.0364854 0.0143644 0.0384366 0.0356892
threshold=0.97957695113056176 0.55882118566514938 0.53610503282275734 0.25000000000000011 0.66411378555798695 0.80598103574033564 0.15643284819623146 0.69631336405529975 0 0.63824884792626746 0.6830127018922193 0.45763877432200306 0.11901411644934903 0.5948212983223925 0.15885416666666669 0.32168781531003504 0.50474106491611981 0.028645833333333336 0.40318475364931794 0.53121608501887896 0.085937500000000014 0.11718750000000001 0.48970588235294121 0.51352851336407135 0.039062500000000007 0.26659372720641877
decision_type=2 2 2 2 2 2 2 2 1 2 2 2 2 2 2 2 2 2 2 2 2 2 2 2 2 2
left_child=1 10 14 4 -4 -6 8 -8 9 -5 15 16 -13 19 -3 23 -12 -18 -19 21 -21 -14 -11 -1 -25 -26
right_child=-2 2 3 6 5 -7 7 -9 -10 22 11 12 13 -15 -16 -17 17 18 -20 20 -22 -23 -24 24 25 -27
leaf_value=-0.0019924538629614449 0.0012991299136136923 -8.3830364222380448e-05 0.0025651665237735976 0.00066926996200115528 -6.952607887725542e-05 0.00069275722924455759 0.00089486818943240059 -8.033576193022087e-05 -0.00019335546219738264 -6.4598586089708389e-05 -0.0026708524486504137 0.00066498399746854804 -0.00019103593012676309 0.00051671011060893106 9.0811121176182703e-05 0.00010159976066638904 -0.0017280784190321326 7.6867649662574572e-05 -7.5299068275438429e-05 0.00071587403013701682 -0.00064406498734777609 -0.0014535494701937537 3.3457478785302354e-05 -0.00044117183370528029 -4.8985911291358197e-05 -0.00024812808615347554
leaf_weight=2400 30 169 30 38 36 25 25 26 162 54 624 31 163 23 25 28 137 20 20 20 21 21 20 20 25 207
leaf_count=2400 30 169 30 38 36 25 25 26 162 54 624 31 163 23 25 28 137 20 20 20 21 21 20 20 25 207
internal_value=-0.00025909 -0.0003381 0.00111885 0.00184615 0.00584334 0.00269258 0.000726922 0.00454403 1.6424e-05 0.00103278 -0.000574467 -0.000249999 0.000755374 9.67745e-05 -0.000440719 -0.000705223 -0.000600186 -7.20328e-05 0.00224994 -0.000349998 0.000713398 -0.000586953 -0.000344589 -0.000727375 -0.000511902 -0.000620686
internal_weight=4400 4370 610 416 91 61 325 51 274 112 3760 1080 279 248 194 2680 801 177 40 225 41 184 74 2652 252 232
internal_count=4400 4370 610 416 91 61 325 51 274 112 3760 1080 279 248 194 2680 801 177 40 225 41 184 74 2652 252 232
cat_boundaries=0 1
cat_threshold=518
is_linear=0
shrinkage=0.03


Tree=19
num_leaves=29
num_cat=1
split_feature=9 20 16 10 9 9 1 5 9 9 11 16 6 9 16 7 7 6 3 11 9 6 19 17 9 1 2 5
split_gain=4.45602 1.59175 0.957164 3.91828 2.22351 1.88055 0.282307 0.18263 0.64669 0.473446 0.173771 0.448632 0.544353 0.982919 0.100169 0.0488176 0.127376 0.0385047 0.0351686 0.0206647 0.139311 0.286348 0.0269779 0.161532 0.0148543 0.0303909 0.0107172 0.0374989
threshold=0.97957695113056176 0.55882118566514938 28.500000000000004 -0.5 0.72611232676878201 0.89824945295404834 0.075520833333333343 0.16937119675456394 0.80598103574033564 0.89824945295404834 0.6830127018922193 29.500000000000004 0.3147465437788019 0.4584245076586434 3.5000000000000004 0.092848179558897223 0.086056542320642804 0.69078341013824895 0.15364583333333334 0.6830127018922193 0.59992706053975209 0.15714285714285717 0 0.30810143817547447 0.21188913202042306 0.075520833333333343 0.039062500000000007 0.21399594320486817
decision_type=2 2 2 2 2 2 2 2 2 2 2 2 2 2 2 2 2 2 2 2 2 2 1 2 2 2 2 2
left_child=1 7 14 -4 6 -6 -5 19 10 -10 24 -12 -13 -14 -3 16 17 -16 -8 -1 22 -22 23 -21 25 -9 27 -26
right_child=-2 2 3 4 5 -7 18 8 9 -11 11 12 13 -15 15 -17 -18 -19 -20 20 21 -23 -24 -25 26 -27 -28 -29
leaf_value=-0.0022550338524534603 0.0012601560162052814 0.00039044450687830153 0.0024989769757440645 0.00012164472299729605 0.00085658850296423507 0.0006526159391439352 -7.8097440549496631e-05 -0.00074597951493957505 0.00051016295121618426 -0.0001287283591542876 -0.0010041595598600304 -0.00037344837475119494 0.0008038430425262779 1.8520637775553441e-05 -0.0001766749533304832 -0.00017674965927821169 5.1999766522508648e-05 5.6235781827555231e-05 -2.0274304760191427e-05 -0.0036790175193931948 -0.0046156251402416264 6.4607824993713277e-05 -0.0012989514536973043 4.5687911094572642e-05 -0.0017334548274733166 -2.8540986662282232e-05 -0.00069088018594357537 -0.00042793667869412159
leaf_weight=2029 30 26 29 26 33 34 182 31 20 24 136 37 22 28 67 148 20 20 25 84 35 20 693 20 60 20 481 20
leaf_count=2029 30 26 29 26 33 34 182 31 20 24 136 37 22 28 67 148 20 20 25 84 35 20 693 20 60 20 481 20
internal_value=-0.000272726 -0.00035183 0.00106967 0.00216793 0.00115 0.00596633 -0.000234977 -0.000582446 -0.000203924 0.00334083 -0.000390717 0.000326232 0.0020086 0.00404992 -0.000216191 -0.000397057 9.11214e-05 -0.000405167 -0.000605069 -0.000697934 -0.000573942 0.000886348 -0.000674716 -0.000157893 -0.000651959 -0.000161761 -0.000696522 -0.000374995
internal_weight=4400 4370 610 329 300 67 233 3760 879 44 835 223 87 50 281 255 107 87 207 2881 852 55 797 104 612 51 561 80
internal_count=4400 4370 610 329 300 67 233 3760 879 44 835 223 87 50 281 255 107 87 207 2881 852 55 797 104 612 51 561 80
cat_boundaries=0 1
cat_threshold=256
is_linear=0
shrinkage=0.03


Tree=20
num_leaves=31
num_cat=1
split_feature=9 0 19 9 7 8 10 2 7 0 8 4 8 9 9 7 7 9 13 2 0 5 1 3 18 3 4 2 7 7
split_gain=5.57826 0.946241 0.597774 1.35701 0.876269 1.52371 0.906273 0.126609 0.152277 0.157957 0.293171 0.0794782 0.17574 0.378234 1.04756 0.173148 0.0687971 0.368166 0.0662992 0.119994 0.0441168 0.0403933 0.040322 0.0326926 0.02783 0.0250625 0.0137273 0.0343738 0.00676495 0.15111
threshold=0.97957695113056176 0.54460969367221124 0 0.80598103574033564 0.15278835336889349 0.34438673485346721 1.0000000180025095e-35 0.20572916666666669 0.078820572627737201 0.57040581497477094 0.1813468332704895 0.065104166666666671 0.12224515550543266 0.39897884755652818 0.27169948942377831 0.064385198188347884 0.10937795756218473 0.73668854850474119 0.81174490092936691 0.070312500000000014 0.61090751480435135 0.44117647058823534 0.11197916666666667 0.12760416666666669 0.436764705882353 0.15885416666666669 0.15364583333333334 0.044270833333333336 0.053878726895501002 0.054588354999843228
decision_type=2 2 1 2 2 2 2 2 2 2 2 2 2 2 2 2 2 2 2 2 2 2 2 2 2 2 2 2 2 2
left_child=1 11 3 4 6 -6 -3 8 9 10 -4 16 13 14 -13 -15 22 -18 26 -20 -8 25 24 -11 -1 -10 -14 -28 -26 -30
right_child=-2 2 7 -5 5 -7 20 -9 21 23 -12 12 18 15 -16 -17 17 -19 19 -21 -22 -23 -24 -25 28 -27 27 -29 29 -31
leaf_value=-0.00096248649998550073 0.0014156800393644187 0.0013513766793086352 -0.00010163687456497002 0.00069682128749987777 0.0010218932057449665 -0.00020279482411643792 -0.00021000366951839315 0.00019711648808378913 -5.6482127688431577e-05 -0.00013474676086987911 0.0020681188149459439 -0.0020859283508408402 -0.00061865642603146909 -0.0014440648587053901 0.00048404741980219185 4.8852514903783069e-05 -0.001654518934817731 0.00049485806267969828 4.2794936296716899e-05 -0.00072740627309048793 0.00015192525488289351 0.00086359500043829782 5.4136914459051957e-05 6.2807612868960209e-05 -0.0024511850994491263 -6.1351682465650564e-05 2.376308037217354e-06 -9.6458715789457021e-05 3.708685961936033e-05 -0.0017790595422225431
leaf_weight=33 33 23 35 27 21 21 150 20 250 46 23 33 463 129 21 20 90 20 20 30 20 20 23 21 1857 35 20 44 25 872
leaf_count=33 33 23 35 27 21 21 150 20 250 46 23 33 463 129 21 20 90 20 20 30 20 20 23 21 1857 35 20 44 25 872
internal_value=-0.000311304 -0.000403218 0.000598314 0.00170404 0.00103723 0.00496417 0.000182642 -8.15209e-05 -0.000191859 0.000689995 0.00183618 -0.000595945 -0.000326922 0.000432265 0.00258329 -0.000347312 -0.000667807 6.81819e-05 -0.000594019 0.000449992 -0.000573525 -0.000553276 -0.000696618 -0.000302234 -0.000706942 -0.000644734 -0.000693072 -0.000281245 -0.000717319 -0.000649664
internal_weight=4445 4412 712 262 235 42 193 450 430 125 58 3700 780 203 54 149 2920 110 577 50 170 305 2810 67 2787 285 527 64 2754 897
internal_count=4445 4412 712 262 235 42 193 450 430 125 58 3700 780 203 54 149 2920 110 577 50 170 305 2810 67 2787 285 527 64 2754 897
cat_boundaries=0 1
cat_threshold=552
is_linear=0
shrinkage=0.03


Tree=21
num_leaves=28
num_cat=1
split_feature=9 0 19 9 10 5 8 2 11 16 6 0 3 0 8 10 6 1 7 2 8 9 4 3 0 5 4
split_gain=5.56601 0.851264 0.579313 0.939292 2.04676 0.776596 1.58131 0.26999 0.215542 0.693801 1.12743 1.05468 0.356353 0.283318 0.260611 0.195521 0.47097 0.132992 0.309359 0.0871382 0.151101 0.023389 0.0452372 0.116661 0.0163615 0.0427485 0.068424
threshold=0.97957695113056176 0.55882118566514938 0 0.57330415754923425 0.25000000000000011 0.35801217038539557 0.29888286581140178 0.13281250000000003 0.6830127018922193 29.500000000000004 0.28064516129032263 0.49067235489645161 0.059895833333333336 0.52628531952766189 0.15376901510591112 -0.5 0.50276497695852551 0.11718750000000001 0.089132082478676544 0.033854166666666671 0.11901411644934903 0.58825674690007312 0.096354166666666671 0.12760416666666669 0.51352851336407135 0.22413793103448279 0.070312500000000014
decision_type=2 2 1 2 2 2 2 2 2 2 2 2 2 2 2 2 2 2 2 2 2 2 2 2 2 2 2
left_child=1 8 3 -3 -5 7 -7 -6 17 -10 12 14 19 -13 -12 16 -4 24 -19 -11 -21 22 23 -17 -1 26 -26
right_child=-2 2 15 4 5 6 -8 -9 9 10 11 13 -14 -15 -16 21 -18 18 -20 20 -22 -23 -24 -25 25 -27 -28
leaf_value=-0.0017901443362345138 0.0013732096381834859 -0.00023115663861460203 -0.00088532936185326406 0.0012888773380536763 -0.00018514300695288437 0.00073452354729571043 -0.00031450355051930077 0.00079527678549841786 -0.0019444754283237764 -0.0025582573294069132 0.00048001232079930789 -3.8119415028204043e-05 1.5892651294147916e-05 0.00064210064773894272 7.6480795216554945e-05 -0.00015718037568162113 0.0021722975512646252 0.00026192270873393031 -0.00067938822115558978 3.1336981347623578e-05 -0.0014486323919897591 -5.2967725452611513e-05 -6.2757896911560656e-05 8.7155400997283042e-05 -0.0014798291241721259 -0.00019880296632032303 5.2914581528390751e-05
leaf_weight=2451 33 90 34 26 75 20 29 25 705 187 20 34 20 20 21 28 21 20 44 33 41 167 57 20 35 158 31
leaf_count=2451 33 90 34 26 75 20 29 25 705 187 20 34 20 20 21 28 21 20 44 33 41 167 57 20 35 158 31
internal_value=-0.000297806 -0.000389618 0.000668919 0.00167727 0.00302141 0.0016661 0.00476011 0.000149999 -0.000553664 -0.000194957 0.000845743 0.00367101 -0.00010943 0.00091665 0.0072986 -0.000193619 0.00143179 -0.000695235 0.00065624 -0.00040517 0.000466211 -0.000529409 -0.000178569 0.00049999 -0.000727569 -0.00048214 0.000159089
internal_weight=4445 4412 592 265 175 149 49 100 3820 1081 376 95 281 54 41 327 55 2739 64 261 74 272 105 48 2675 224 66
internal_count=4445 4412 592 265 175 149 49 100 3820 1081 376 95 281 54 41 327 55 2739 64 261 74 272 105 48 2675 224 66
cat_boundaries=0 1
cat_threshold=556
is_linear=0
shrinkage=0.03


Tree=22
num_leaves=26
num_cat=0
split_feature=9 0 9 10 16 7 6 9 3 11 16 6 8 0 3 4 18 8 0 8 18 6 9 9 3
split_gain=4.7721 0.923295 0.501725 1.08641 2.02486 0.898409 0.876082 0.627247 0.438275 0.183481 0.626155 1.08533 0.993313 1.21352 0.255497 0.13685 0.136514 0.135613 0.0467295 0.1156 0.0457975 0.043469 0.0394867 0.0461232 0.0345351
threshold=0.97957695113056176 0.55882118566514938 0.53610503282275734 -0.5 26.500000000000004 0.15278835336889349 0.69631336405529975 0.80598103574033564 0.091145833333333343 0.6830127018922193 29.500000000000004 0.28433179723502316 0.19218106975147189 0.49067235489645161 0.059895833333333336 0.044270833333333336 0.4661764705882353 0.32168781531003504 0.50532152180681911 0.12186878796828471 0.49264705882352944 0.69631336405529975 0.76549963530269882 0.23450036469730126 0.15885416666666669
decision_type=2 2 2 2 2 2 2 2 2 2 2 2 2 2 2 2 2 2 2 2 2 2 2 2 2
left_child=1 9 24 4 -4 7 -7 15 -9 17 -11 14 13 -13 16 -5 -12 18 -1 -20 -18 -17 23 -21 -3
right_child=-2 2 3 5 -6 6 -8 8 -10 10 11 12 -14 -15 -16 21 20 -19 19 22 -22 -23 -24 -25 -26
leaf_value=-0.0018370815204612134 0.0013320133490379827 -7.1784992616085521e-05 -0.0009192750138070859 0.0001800093842547198 0.0021316835790217681 0.0007778338244643397 -0.00018736612209565101 0.00066291741405872216 -8.9405497957164315e-05 -0.0018861411654740635 3.849831411435275e-05 0.00044770366332428589 -0.00041352990555425516 0.00056685900712342106 1.4542793946231761e-05 -9.9087512887022561e-05 -0.0027487181936755732 0.00011210278220104479 0.00015083848769417539 -0.00012482206793015666 -1.1112791235369661e-05 6.0410567345245612e-05 -9.9494148705054692e-05 -0.0003185196739622222 -3.2191641173777548e-05
leaf_weight=2407 33 158 20 24 20 33 29 20 22 705 24 26 30 32 26 220 218 28 26 20 20 21 20 238 25
leaf_count=2407 33 158 20 24 20 33 29 20 22 705 24 26 30 32 26 220 218 28 26 20 20 21 20 238 25
internal_value=-0.000297806 -0.000382819 0.000719594 0.00130379 0.00599985 0.000794714 0.00408864 0.000129479 0.00353563 -0.000553664 -0.00022271 0.000765956 0.00368178 0.00597404 -0.000124999 -0.000410375 -0.000406486 -0.000684282 -0.000705735 -0.000355261 -0.000623946 -0.000625515 -0.00053417 -0.000633718 -0.000586062
internal_weight=4445 4412 592 409 40 369 62 307 42 3820 1081 376 88 58 288 265 262 2739 2711 304 238 241 278 258 183
internal_count=4445 4412 592 409 40 369 62 307 42 3820 1081 376 88 58 288 265 262 2739 2711 304 238 241 278 258 183
is_linear=0
shrinkage=0.03


Tree=23
num_leaves=28
num_cat=1
split_feature=9 0 4 10 16 19 7 9 3 11 9 4 17 9 7 17 7 7 6 2 0 5 7 7 3 4 6
split_gain=4.7948 0.74741 0.499245 0.446482 3.20662 0.482075 0.837885 0.549988 0.432109 0.133481 0.491941 1.23982 0.172581 0.380745 0.595201 0.149369 0.0475059 0.120295 0.0456745 0.043436 0.0304213 0.0346661 0.0933298 0.0155314 0.0321417 0.0131394 0.0355061
threshold=0.97957695113056176 0.52628531952766189 0.21093750000000003 -0.5 29.500000000000004 0 0.15278835336889349 0.65134938001458809 0.091145833333333343 0.6830127018922193 0.5970094821298324 0.028645833333333336 0.30810143817547447 0.31400437636761497 0.060647555628343786 0.31388817972938482 0.060647555628343786 0.055388226996607351 0.56820276497695865 0.21614583333333334 0.50532152180681911 0.20993914807302233 0.073252975929760156 0.14842600721355023 0.13802083333333334 0.10156250000000001 0.34792626728110604
decision_type=2 2 2 2 2 1 2 2 2 2 2 2 2 2 2 2 2 2 2 2 2 2 2 2 2 2 2
left_child=1 9 3 4 -3 6 7 -5 -9 18 12 -12 25 14 -14 -15 17 -7 20 23 -1 22 -22 -18 -25 -11 -27
right_child=-2 2 -4 5 -6 16 -8 8 -10 10 11 -13 13 15 -16 -17 19 -19 -20 -21 21 -23 -24 24 -26 26 -28
leaf_value=-0.0017836409303841061 0.001292052948566843 -0.00022577500118443542 0.00058624140814731221 -0.00032758517288732807 0.0017239637115199881 -0.00012951530280603718 0.00076556793143401822 0.00058133784051312852 -1.7478439277998611e-05 -0.0023549683639331057 -0.00078267317979843981 0.00043427255342455838 0.00023239488295825488 3.7421457532544877e-05 -0.00080852141329434849 -0.00082165752436961972 -7.5182064989926404e-05 6.9484646536188262e-05 4.2202978297455429e-06 -6.1932174027616552e-05 -0.0015018328381709647 -0.00084328556025612127 0.00013248953883814141 -9.8824988477045999e-05 -4.7665738881728193e-05 -0.00034139810514639081 -0.000345716158636071
leaf_weight=2409 33 106 21 99 34 36 25 21 24 670 50 26 21 23 21 140 374 21 21 20 35 65 25 36 20 20 49
leaf_count=2409 33 106 21 99 34 36 25 21 24 670 50 26 21 23 21 140 374 21 21 20 35 65 25 36 20 20 49
internal_value=-0.000324802 -0.000410017 0.000396954 0.000279412 0.00182142 -3.99401e-05 0.00130307 0.000499997 0.00324993 -0.00059895 -0.000308823 0.00201313 -0.000495761 0.00027439 0.00282136 -0.000381899 -0.000503383 0.000302627 -0.000714774 -0.000616665 -0.000726321 -0.000269997 0.000249997 -0.00068023 -0.000214281 -0.000709403 -0.000315212
internal_weight=4445 4412 837 816 140 676 169 144 45 3575 1020 76 944 205 42 163 507 57 2555 450 2534 125 60 430 56 739 69
internal_count=4445 4412 837 816 140 676 169 144 45 3575 1020 76 944 205 42 163 507 57 2555 450 2534 125 60 430 56 739 69
cat_boundaries=0 1
cat_threshold=544
is_linear=0
shrinkage=0.03


Tree=24
num_leaves=25
num_cat=1
split_feature=9 0 10 16 9 1 5 16 2 11 16 0 10 0 17 0 19 12 0 9 0 9 4 9
split_gain=4.78912 0.793705 0.483058 2.70631 0.607517 0.575719 0.913246 0.340552 0.142686 0.134054 0.465331 0.805647 1.94079 2.41985 0.374353 0.0603982 0.117656 0.300053 0.0600747 0.0999428 0.0403988 0.0988661 0.0373407 0.0279346
threshold=0.97957695113056176 0.54460969367221124 -0.5 29.500000000000004 0.80598103574033564 0.10677083333333334 0.38843813387423937 3.5000000000000004 0.21093750000000003 0.6830127018922193 29.500000000000004 0.39309753285064181 0.25000000000000011 0.49332608432250175 0.30239979576206288 0.49332608432250175 0 -0.60785761079279388 0.60199702478080097 0.72611232676878201 0.61229581972090841 0.58825674690007312 0.096354166666666671 0.30598103574033558
decision_type=2 2 2 2 2 2 2 2 2 2 2 2 2 2 2 2 1 2 2 2 2 2 2 2
left_child=1 9 3 22 7 -6 -7 -4 18 15 -11 -12 13 -13 -14 -1 17 -17 -9 20 21 -20 -3 -19
right_child=-2 2 4 -5 5 6 -8 8 -10 10 11 12 14 -15 -16 16 -18 23 19 -21 -22 -23 -24 -25
leaf_value=-0.0017609930529146596 0.0012532913601098383 -0.00055253581052231435 0.00037711627620182295 0.0018686844345350347 -0.00011330070959695284 0.00061279985115674277 2.6670354887424837e-05 -0.00012359964434848197 0.0003710324000324344 -0.0019306360067691904 -0.001168704182706463 0.00042473962478656936 4.9041192982530509e-05 0.00018060161229120281 -0.0002409745669594995 9.8815315755743406e-05 -0.00085757274004961384 -0.00015929496167220775 7.4337624110310148e-05 0.00067828102794870811 -3.3947468409277551e-05 -0.00015464087212634989 -0.00010135553032287442 -0.00010629576115025003
leaf_weight=2292 33 59 35 26 29 26 25 300 22 689 192 25 20 25 99 33 230 26 24 24 87 35 20 69
leaf_count=2292 33 59 35 26 29 26 25 300 22 689 192 25 20 25 99 33 230 26 24 24 87 35 20 69
internal_value=-0.000318053 -0.000403218 0.000514045 0.00239284 0.000189045 0.00262497 0.00454403 -0.000180739 -0.000384145 -0.000579729 -0.000292856 0.000579639 0.00209023 0.00704986 6.30318e-06 -0.000693395 -0.000331004 0.000391302 -0.000494679 -4.41167e-05 -0.000339038 0.000266945 -0.000370248 -0.000434205
internal_weight=4445 4412 712 105 607 80 51 527 492 3700 1050 361 169 50 119 2650 358 128 470 170 146 59 79 95
internal_count=4445 4412 712 105 607 80 51 527 492 3700 1050 361 169 50 119 2650 358 128 470 170 146 59 79 95
cat_boundaries=0 1
cat_threshold=546
is_linear=0
shrinkage=0.03


Tree=25
num_leaves=30
num_cat=1
split_feature=5 20 9 8 8 20 5 10 16 13 1 19 9 1 1 1 4 16 9 7 8 20 7 7 7 6 18 8 7
split_gain=2.35293 1.04509 1.23084 1.24131 3.59205 0.360375 0.356035 0.42786 1.94512 1.1298 0.224986 0.184037 0.693824 0.137021 0.0814217 0.244606 0.0647673 0.109335 0.562357 0.0787796 0.116661 0.0720629 0.277369 0.0448178 0.0133365 0.0355061 0.00189336 0.0105267 0.0371784
threshold=0.54462474645030434 0.61090751480435135 0.72611232676878201 0.28376229104135253 0.22614163575611029 0.61433241398902261 0.18154158215010144 -0.5 29.500000000000004 -0.22252093395631442 0.085937500000000014 0 0.72611232676878201 0.049479166666666671 0.11718750000000001 0.12760416666666669 0.065104166666666671 29.500000000000004 0.31400437636761497 0.11596544270602603 0.15093115396300516 0.41625612619461377 0.065317751259371823 0.058101126053317166 0.088419907194990141 0.24182424916573975 0.4661764705882353 0.088210155466507345 0.040882472730218208
decision_type=2 2 2 2 2 2 2 2 2 2 2 1 2 2 2 2 2 2 2 2 2 2 2 2 2 2 2 2 2
left_child=1 6 5 4 -4 -3 16 8 23 10 -10 12 13 -9 -15 -16 19 -18 -19 24 -21 22 -20 -8 26 -26 27 28 -1
right_child=-2 2 3 -5 -6 -7 7 11 9 -11 -12 -13 -14 14 15 -17 17 18 21 20 -22 -23 -24 -25 25 -27 -28 -29 -30
leaf_value=-0.0035960964902716549 0.0010937261920004411 0.00010597733960432282 -0.00015440539560701818 0.00014091195107017771 0.0014653094676332766 -6.1510686071759461e-05 -0.0003514788234772797 9.1421075594925235e-05 0.0015212008210547714 0.0012760678988905558 -8.68850638334092e-05 -0.00028121522645301852 0.00055896176326410097 -9.6553016662595507e-05 0.00017786990811825571 -4.600568654632997e-05 -0.0017098163820604884 0.00028552703965792342 -0.00074468879480110663 0.00065026600809461866 -0.0032409578653775908 -0.00090305654596871746 2.4476211403622182e-05 -0.00093540397906525965 0.00026066572122399132 -0.0012638620032340193 -0.0022949010350044436 -0.001701502420281353 -0.0012353870102758586
leaf_weight=58 25 21 22 32 23 111 20 21 20 38 20 463 27 187 25 53 266 22 56 20 28 136 23 173 20 49 2066 358 20
leaf_count=58 25 21 22 32 23 111 20 21 20 38 20 463 27 187 25 53 266 22 56 20 28 136 23 173 20 49 2066 358 20
internal_value=-0.00032756 -0.000379967 0.00169018 0.00470449 0.00791649 -6.81806e-05 -0.000483748 -5.01361e-06 0.00102121 0.00501917 0.00149996 -0.000363401 0.000202012 -0.000225523 -0.000410375 0.000403842 -0.000644298 -0.000332504 0.000136076 -0.00070418 0.00049999 -0.000331393 0.000389236 -0.000594556 -0.000726662 -0.000315212 -0.000738009 -0.00068119 -0.000365379
internal_weight=4403 4378 209 77 45 132 4169 1047 271 78 40 776 313 286 265 78 3122 503 237 2619 48 215 79 193 2571 69 2502 436 78
internal_count=4403 4378 209 77 45 132 4169 1047 271 78 40 776 313 286 265 78 3122 503 237 2619 48 215 79 193 2571 69 2502 436 78
cat_boundaries=0 1
cat_threshold=546
is_linear=0
shrinkage=0.03


Tree=26
num_leaves=31
num_cat=1
split_feature=5 20 9 8 8 20 5 15 7 7 4 12 9 2 5 19 13 2 13 4 6 7 2 9 8 7 9 17 8 5
split_gain=2.35642 1.05202 1.23084 1.24131 3.59205 0.360375 0.344453 0.320417 0.33569 0.671288 0.290612 0.569163 0.139282 0.254333 0.13442 0.0731138 0.157377 0.0894154 0.183578 0.0454086 0.168266 0.0398663 0.0353191 0.171588 0.577747 0.0278784 0.0404685 0.075418 0.0152364 0.0336054
threshold=0.54462474645030434 0.61090751480435135 0.72611232676878201 0.28376229104135253 0.22614163575611029 0.61433241398902261 0.18356997971602437 1.0000000180025095e-35 0.069319605145613042 0.067389213475357965 0.085937500000000014 0.6078576107927941 0.80598103574033564 0.091145833333333343 0.22616632860040572 0 0.81174490092936691 0.11718750000000001 -0.56174490092936669 0.10156250000000001 0.307373271889401 0.065904323980221752 0.070312500000000014 0.30598103574033558 0.12113624105212735 0.088419907194990141 0.5970094821298324 0.33780103820951418 0.19123505505912505 0.1179851250845166
decision_type=2 2 2 2 2 2 2 2 2 2 2 2 2 2 2 1 2 2 2 2 2 2 2 2 2 2 2 2 2 2
left_child=1 6 5 4 -4 -3 19 8 9 10 21 14 15 -14 -12 16 17 -10 -19 22 -21 -8 25 24 -24 28 -27 -28 -1 -30
right_child=-2 2 3 -5 -6 -7 7 -9 12 -11 11 -13 13 -15 -16 -17 -18 18 -20 20 -22 -23 23 -25 -26 26 27 -29 29 -31
leaf_value=-0.0021091268775824336 0.0010609144062404281 0.00010279801941619475 -0.00014977323373880602 0.00013668459253807371 0.0014213501836042794 -5.9665365489607213e-05 -0.00066086613675050445 0.00050704077746486511 -0.00019611790004070296 0.00086260852447087944 1.7202850628560322e-05 0.0013108007273240471 0.00044082329951300328 -0.00021095569038311643 -0.00011458417482112824 -0.00020441575068953671 0.00091295458618388713 0.0012205253315413921 -3.8887220900755738e-05 4.5583925253771163e-05 -0.00046957383404564189 -3.4028118259941153e-05 0.00013116421975106358 -0.0013767998979775094 -0.0020035630227447413 -0.0015013103075028711 0.00077393967453666575 -4.5693594165773539e-05 -0.00042313453198712685 -0.00074777565597896711
leaf_weight=2511 25 21 22 32 23 111 108 20 170 23 20 23 20 26 41 434 36 29 42 39 105 21 20 244 52 69 27 28 20 41
leaf_count=2511 25 21 22 32 23 111 108 20 170 23 20 23 20 26 41 434 36 29 42 39 105 21 20 244 52 69 27 28 20 41
internal_value=-0.000334373 -0.00038682 0.00169018 0.00470449 0.00791649 -6.81806e-05 -0.000490944 -9.62415e-06 -8.53466e-05 0.000902539 0.00037676 0.00174998 -0.000393328 0.0012065 0.000233603 -0.000496834 -9.66889e-05 -0.000376554 0.000517599 -0.000645436 -0.000124998 -0.000517437 -0.000670318 -0.000370251 0.000916655 -0.000705489 -0.000266126 0.000340904 -0.000726671 -0.000258192
internal_weight=4403 4378 209 77 45 132 4169 1013 993 236 213 84 757 46 61 711 277 241 71 3156 144 129 3012 316 72 2696 124 55 2572 61
internal_count=4403 4378 209 77 45 132 4169 1013 993 236 213 84 757 46 61 711 277 241 71 3156 144 129 3012 316 72 2696 124 55 2572 61
cat_boundaries=0 1
cat_threshold=10
is_linear=0
shrinkage=0.03


Tree=27
num_leaves=27
num_cat=1
split_feature=5 0 9 16 0 5 9 9 0 11 10 0 7 11 16 6 3 10 0 2 19 9 10 7 7 2
split_gain=2.34595 1.0313 1.23084 0.954519 2.03344 0.377563 0.641404 1.18392 0.360375 0.299715 0.795397 1.2979 0.312906 0.109048 0.289271 0.646439 0.280469 0.687443 0.154017 0.0811726 0.0627045 0.236711 0.414055 0.0405141 0.152375 0.0267429
threshold=0.54462474645030434 0.61090751480435135 0.72611232676878201 29.500000000000004 0.63632896856031052 0.18154158215010144 0.80598103574033564 0.89824945295404834 0.61433241398902261 0.6830127018922193 -0.24999999999999994 0.56498757140591482 0.070577206193085482 0.6830127018922193 29.500000000000004 0.3000000000000001 0.023437500000000003 0.25000000000000011 0.37917885433686971 0.059895833333333336 0 0.65134938001458809 0.25000000000000011 0.061233988916926919 0.05781654739842261 0.10156250000000001
decision_type=2 2 2 2 2 2 2 2 2 2 2 2 2 2 2 2 2 2 2 2 1 2 2 2 2 2
left_child=1 5 8 -4 -5 13 9 -8 -3 20 11 12 -11 -1 -15 16 -16 -18 -19 -12 21 -7 -23 24 -22 -9
right_child=-2 2 3 4 -6 6 7 25 -10 10 19 -13 -14 14 15 -17 17 18 -20 -21 23 22 -24 -25 -26 -27
leaf_value=-0.0017795342111406685 0.0010290869740532146 9.9714078833710245e-05 -0.0001403716447917233 0.0013787096780961525 0.00063993600488770062 -0.00024948950625406269 0.00042696469774163709 -0.0002790521255278151 -5.7875404524918456e-05 0.00060014438150786083 8.1567102070083997e-06 0.0016929357136581398 -7.0079369279439131e-05 -0.001999878859922654 -0.0025525461082896036 0.00025510222879325539 0.00062249064742874555 0.00028211595970197527 -0.0023840603434873396 -0.00018267470635769726 -0.00032453595380601549 -0.0010366234666737903 0.00047963743848825649 -0.00021519160421166046 4.4811573941443811e-05 -3.2889312822280859e-05
leaf_weight=2194 25 21 21 23 33 98 23 23 111 29 39 20 38 604 187 27 23 20 67 148 64 25 21 479 20 20
leaf_count=2194 25 21 21 23 33 98 23 23 111 29 39 20 38 604 187 27 23 20 67 148 64 25 21 479 20 20
internal_value=-0.000313933 -0.000366262 0.00169018 0.00470449 0.00674988 -0.000469356 2.36397e-05 0.00288632 -6.81806e-05 -0.000168959 0.000673356 0.00304307 0.00104103 -0.000634688 -0.000362068 0.000361111 -4.29284e-05 0.00115908 -6.03434e-05 -0.000429141 -0.000495402 7.79222e-05 0.00185866 -0.000632197 -3.57131e-05 -5.23236e-05
internal_weight=4403 4378 209 77 56 4169 1047 66 132 981 274 87 67 3122 928 324 297 110 87 187 707 144 46 563 84 43
internal_count=4403 4378 209 77 56 4169 1047 66 132 981 274 87 67 3122 928 324 297 110 87 187 707 144 46 563 84 43
cat_boundaries=0 1
cat_threshold=544
is_linear=0
shrinkage=0.03


Tree=28
num_leaves=25
num_cat=1
split_feature=5 0 9 16 0 11 16 4 10 12 9 9 17 0 2 6 3 7 6 0 19 6 2 9
split_gain=2.34246 1.02444 1.23084 0.954519 2.03344 0.395626 1.1571 1.31479 2.87994 1.64564 1.15693 0.866671 1.22492 0.360375 0.142453 0.117258 0.436126 0.0432423 0.0425917 0.0378427 0.0782087 0.21553 0.0397949 0.0245819
threshold=0.54462474645030434 0.61090751480435135 0.72611232676878201 29.500000000000004 0.63632896856031052 0.6830127018922193 29.500000000000004 0.028645833333333336 0.25000000000000011 -1.0000000180025095e-35 0.50474106491611981 0.5970094821298324 0.40894391966641147 0.61433241398902261 0.070312500000000014 0.59032258064516141 0.085937500000000014 0.061413298199477807 0.44930875576036872 0.49332608432250175 0 0.34792626728110604 0.11197916666666667 0.21188913202042306
decision_type=2 2 2 2 2 2 2 2 2 2 2 2 2 2 2 2 2 2 2 2 1 2 2 2
left_child=1 5 13 -4 -5 15 -7 14 9 -9 -11 18 -13 -3 -8 19 -17 -18 -10 -1 21 -21 -23 -22
right_child=-2 2 3 4 -6 6 7 8 11 10 -12 12 -14 -15 -16 16 17 -19 -20 20 23 22 -24 -25
leaf_value=-0.0016547778236691447 0.00099821436483161726 9.6722656468699536e-05 -0.00013616049544797087 0.0013373483877532676 0.00062073792474107094 -0.0016717270496099451 -0.002151181540733568 0.00015658719083430623 -0.00059621091018622371 0.0006144816616882985 0.0016271776437798476 0.0002736524809109166 -0.00037658941525661049 -5.6139142389169837e-05 2.4370047633112192e-05 0.00050744247065487649 -6.4059217051279801e-06 -9.5446952200495827e-05 4.9131986211381692e-05 8.5758684600734596e-05 -1.1445674895664504e-05 -0.00025283219761464365 -9.7029810316134053e-05 -0.00046434791377392148
leaf_weight=2252 25 21 21 23 33 734 203 25 115 24 21 20 20 111 25 28 20 128 20 27 37 78 20 372
leaf_count=2252 25 21 21 23 33 734 203 25 115 24 21 20 20 111 25 28 20 128 20 27 37 78 20 372
internal_value=-0.000307119 -0.00035941 0.00169018 0.00470449 0.00674988 -0.00046216 -4.34891e-06 0.00115275 0.00267856 0.00782132 0.0112498 0.000621426 0.00449989 -6.81806e-05 -0.000486839 -0.000648716 0.000102273 -0.000547293 -0.000527773 -0.000696158 -0.0004691 0.000194444 -0.000443872 -0.000660499
internal_weight=4403 4378 209 77 56 4169 1207 473 245 70 45 175 40 132 228 2962 176 148 135 2786 534 125 98 409
internal_count=4403 4378 209 77 56 4169 1207 473 245 70 45 175 40 132 228 2962 176 148 135 2786 534 125 98 409
cat_boundaries=0 1
cat_threshold=576
is_linear=0
shrinkage=0.03


Tree=29
num_leaves=24
num_cat=0
split_feature=9 0 7 6 0 11 16 3 10 9 8 9 0 1 9 1 17 17 1 6 0 0 8
split_gain=2.15219 0.760846 0.666328 0.553945 0.577416 0.419903 1.03372 1.19371 3.47236 1.07713 2.24063 0.487418 1.07993 0.174339 0.31656 0.0986823 0.0435475 0.041869 0.0186375 0.0299988 0.00746105 0.0369166 0.0346894
threshold=0.97957695113056176 0.61090751480435135 0.22769620777782279 0.61797235023041486 0.62715923987447197 0.6830127018922193 29.500000000000004 0.018229166666666668 0.25000000000000011 0.53610503282275734 0.12598499132066779 0.5970094821298324 0.54247262211610925 0.11718750000000001 0.72611232676878201 0.12239583333333334 0.25453152923155481 0.39588120159986395 0.096354166666666671 0.5202764976958526 0.50213191564481241 0.50396260866742038 0.12186878796828471
decision_type=2 2 2 2 2 2 2 2 2 2 2 2 2 2 2 2 2 2 2 2 2 2 2
left_child=1 5 3 4 -3 13 18 -8 9 10 -9 16 -13 20 15 -15 -10 -5 -7 -20 -1 -22 -23
right_child=-2 2 -4 17 -6 6 7 8 11 -11 -12 12 -14 14 -16 -17 -18 -19 19 -21 21 22 -24
leaf_value=-0.0015169748017662995 0.0012617733489618547 0.00044104512110768019 0.00063844952996943121 -3.6630043286667721e-05 -3.777346543311681e-05 -0.0018363664638028181 -0.00145003879204928 0.00057664224486224424 -0.00018023109931748936 0.0015334523190608084 -7.1470586767103525e-05 0.00026544290648358851 -0.00011474802277564052 0.00011103813171045575 0.00045487694510338162 -0.00010104257205432283 -0.00021259470716204846 -7.8636875575816383e-05 -0.00032779928506483191 -0.0012022011310804509 -0.00036935556439668518 -0.00013061890978657907 -0.0001776390306954593
leaf_weight=2315 34 33 36 103 21 684 190 27 20 24 27 20 30 32 33 120 135 20 20 30 23 27 399
leaf_count=2315 34 33 36 103 21 684 190 27 20 24 27 20 30 32 33 120 135 20 20 30 23 27 399
internal_value=-0.00032756 -0.000386072 0.00136267 0.000605929 0.00313883 -0.000475697 -4.34891e-06 0.00108932 0.0023242 0.00771144 0.00536101 0.00027439 0.00284994 -0.000668616 0.000222972 -0.00035526 -0.000556447 -0.000506093 -0.000709126 -0.000149996 -0.000728291 -0.000616368 -0.000679575
internal_weight=4403 4369 213 177 54 4156 1207 473 283 78 54 205 50 2949 185 152 155 123 734 50 2764 449 426
internal_count=4403 4369 213 177 54 4156 1207 473 283 78 54 205 50 2949 185 152 155 123 734 50 2764 449 426
is_linear=0
shrinkage=0.03


Tree=30
num_leaves=29
num_cat=2
split_feature=5 20 10 16 19 20 8 4 5 19 7 18 4 11 3 8 16 20 1 16 7 11 3 1 8 4 1 10
split_gain=2.08116 1.07199 0.616233 1.62899 0.844893 1.0935 1.73222 1.9284 0.148513 0.298243 0.515683 0.689622 0.122723 0.0895071 0.293424 0.756913 0.242063 0.211212 0.275413 0.062978 0.101582 0.0583336 0.187008 0.0461081 0.0409081 0.0376532 0.0277765 0.0262672
threshold=0.50405679513184587 0.56498757140591482 -0.5 26.500000000000004 0 0.59889677441000055 0.28376229104135253 0.091145833333333343 0.18154158215010144 1 0.069872590815374724 0.47500000000000003 0.033854166666666671 0.6830127018922193 0.033854166666666671 0.10460156880180856 29.500000000000004 0.4652230214593141 0.049479166666666671 12.500000000000002 0.094404316164656679 0.6830127018922193 0.091145833333333343 0.075520833333333343 0.12711936694370876 0.049479166666666671 0.15885416666666669 -0.93301270189221908
decision_type=2 2 2 2 1 2 2 2 2 1 2 2 2 2 2 2 2 2 2 2 2 2 2 2 2 2 2 2
left_child=1 8 3 -3 5 25 7 -7 13 10 11 -10 -12 -1 -15 -16 -17 18 -18 20 -6 27 -23 -21 -14 -4 -8 -11
right_child=-2 2 4 -5 19 6 26 -9 9 21 12 -13 24 14 15 16 17 -19 -20 23 -22 22 -24 -25 -26 -27 -28 -29
leaf_value=-0.0015920734283349513 0.001116175598520949 -0.0016692894208814727 3.3886548205969179e-05 0.0015173887464260813 8.0214559989525482e-05 0.00039559103265901014 -0.00031690967613574308 0.0012561515913646507 -0.00080610976591473078 -2.1523557304058357e-05 0.00026130647087601157 0.00054640633286610809 -0.0013895358954660985 -0.0023737459482869364 0.00031857786397178356 -0.0013498321386327442 -0.00036519397350142925 -0.0013761456936505678 0.00065052503287753327 8.5331058751320066e-05 -0.00012013098989443367 -8.4244294128360965e-05 0.00016075485611315757 -4.6194057343885349e-05 -7.9804047452019484e-05 -0.00032895833722265292 0.0002500954522311793 -0.00044862089565883979
leaf_weight=2185 35 28 20 22 21 32 25 24 20 35 22 29 20 657 24 168 31 34 30 20 24 72 33 237 90 61 20 399
leaf_count=2185 35 28 20 22 21 32 25 24 20 35 22 29 20 657 24 168 31 34 30 20 24 72 33 237 90 61 20 399
internal_value=-0.000322204 -0.000380389 0.000879213 0.00404992 0.000551652 0.00210155 0.00429946 0.00782129 -0.000555143 -0.000166666 0.000859944 0.00353564 -6.81806e-05 -0.000644534 -0.000400423 0.000399825 -6.55884e-05 0.00114473 0.00220078 -0.000437498 0.000583321 -0.000517758 0.000107143 -0.000633265 -0.000477268 -0.000379624 -8.33308e-05 -0.000680873
internal_weight=4418 4383 534 50 484 182 101 56 3849 720 181 49 132 3129 944 287 263 95 61 302 45 539 105 257 110 81 45 434
internal_count=4418 4383 534 50 484 182 101 56 3849 720 181 49 132 3129 944 287 263 95 61 302 45 539 105 257 110 81 45 434
cat_boundaries=0 1 2
cat_threshold=548 560
is_linear=0
shrinkage=0.03


Tree=31
num_leaves=29
num_cat=1
split_feature=9 0 10 16 18 19 9 0 18 11 9 7 8 0 8 8 1 9 8 0 9 0 15 0 4 7 16 0
split_gain=3.20731 0.82204 0.544656 2.68308 0.435177 0.420468 0.814358 1.48655 0.152935 0.136016 0.649056 1.073 0.300488 0.128227 0.600772 0.122726 0.171422 0.0674871 0.0445346 0.0303909 0.0269301 0.101331 0.016362 0.031817 0.00735855 0.0415244 0.00845386 0.0411495
threshold=0.97957695113056176 0.56498757140591482 -0.5 28.500000000000004 0.41911764705882354 0 0.72611232676878201 0.64012436066452116 0.46029411764705885 0.6830127018922193 0.5970094821298324 0.065317751259371823 0.32168781531003504 0.4646856256676653 0.1160777868849175 0.17733378743684181 0.12239583333333334 0.47191830780452232 0.12658369500764458 0.28737119774593961 0.50474106491611981 0.39309753285064181 1.0000000180025095e-35 0.44927585088026639 0.11718750000000001 0.060420512343985253 2.5000000000000004 0.48396969785105232
decision_type=2 2 2 2 2 1 2 2 2 2 2 2 2 2 2 2 2 2 2 2 2 2 2 2 2 2 2 2
left_child=1 9 3 -3 -4 6 8 -8 -6 12 13 19 22 20 -15 16 -7 18 -16 -12 -11 -22 24 -24 26 -26 27 -1
right_child=-2 2 4 -5 5 15 7 -9 -10 10 11 -13 -14 14 17 -17 -18 -19 -20 -21 21 -23 23 -25 25 -27 -28 -29
leaf_value=-0.002271847715642965 0.001202351322187887 -0.00042774466158580472 0.00039607604971788002 0.0015262195931117269 0.00029318585640002745 7.6477102197172484e-05 0.00060485949459758599 -4.3148621256473756e-05 -0.00018531587150287307 -0.0019875165932768191 -0.0035548522214010753 0.00069028929344485616 4.9577864710787189e-05 0.00058176072148120579 9.8869735708105865e-05 -5.4154252933817578e-05 -2.1617610959718462e-05 1.8355289273972048e-05 -0.00037306616832007307 -0.00039017684193700503 -0.0034527336384518473 4.2674066975481562e-05 -0.0023279958750391343 -0.00015246133543229484 7.3113870327307086e-06 -0.00051038739063499175 -0.0012739361220457789 -0.00056898181720342524
leaf_weight=93 29 48 24 21 20 28 21 20 65 664 31 26 29 21 20 270 32 39 163 20 95 30 35 20 20 98 2416 20
leaf_count=93 29 48 24 21 20 28 21 20 65 664 31 26 29 21 20 270 32 39 163 20 95 30 35 20 20 98 2416 20
internal_value=-0.000349365 -0.000415071 0.000670765 0.003163 0.0003125 0.000105264 0.00151102 0.00510353 -4.41164e-05 -0.000570312 -0.000290125 0.00236685 -0.000684089 -0.000488371 0.000114198 -0.000463233 0.000749988 -0.000344592 -0.000586062 -0.000161761 -0.000673953 -0.000269997 -0.00071669 -0.000204541 -0.000727332 -0.000495758 -0.000738137 -0.000484508
internal_weight=4418 4389 549 69 480 456 126 41 85 3840 1109 77 2731 1032 243 330 60 222 183 51 789 125 2702 55 2647 118 2529 113
internal_count=4418 4389 549 69 480 456 126 41 85 3840 1109 77 2731 1032 243 330 60 222 183 51 789 125 2702 55 2647 118 2529 113
cat_boundaries=0 1
cat_threshold=544
is_linear=0
shrinkage=0.03


Tree=32
num_leaves=29
num_cat=2
split_feature=5 19 8 5 0 11 8 3 19 11 3 7 8 5 1 11 5 16 17 4 2 0 7 0 0 0 7 4
split_gain=1.6492 1.49298 1.44367 0.954484 0.333088 0.405796 0.923775 3.13081 0.312807 0.575596 0.937118 0.557661 0.281002 0.131783 0.132969 0.110197 0.318926 0.622411 0.53596 0.14218 0.390353 0.0952342 0.0943897 0.0350735 0.0300134 0.0299988 0.00767666 0.0407397
threshold=0.34381338742393514 0 0.27323002848564254 0.49290060851926981 0.47964949943148871 0.6830127018922193 0.20249421316166533 0.091145833333333343 1 -0.24999999999999994 0.085937500000000014 0.08223428479567764 0.12058476568728339 0.47565922920892501 0.096354166666666671 0.6830127018922193 0.10158891142663963 29.500000000000004 0.30435707599353251 0.044270833333333336 0.049479166666666671 0.64012436066452116 0.13674255023899876 0.49067235489645161 0.60199702478080097 0.44566508779923081 0.060055430377196566 0.11197916666666667
decision_type=2 1 2 2 2 2 2 2 1 2 2 2 2 2 2 2 2 2 2 2 2 2 2 2 2 2 2 2
left_child=4 2 -2 21 15 8 7 12 9 10 11 -6 -7 14 -3 -1 -17 -18 -19 25 -21 -4 -8 -14 26 -20 27 -10
right_child=1 13 3 -5 5 6 22 -9 24 -11 -12 -13 23 -15 -16 16 17 18 19 20 -22 -23 -24 -25 -26 -27 -28 -29
leaf_value=-0.0015554109694510311 0.0011372724839377633 0.00011352644740329857 -0.00017751319428697769 0.00098596803037764164 0.00017962331626458493 0.00057077622216190481 -0.0005962236716665929 0.0014410504947084965 -0.00061663593694607501 -0.00048064384636595068 -7.852582981043804e-05 0.00029936672923950496 0.00011996745080724457 0.00069123715188722278 -4.5212888037281189e-05 -0.0037441028623964819 -0.0012826450369372339 0.00034650854333089377 -0.0017168605583404415 0.00035362508581541141 -0.0015567022524795124 0.00052737554183729201 0.00015044436689623061 -7.5495026959727577e-05 1.1283674392148852e-05 -1.2135108096177463e-06 -0.00028035526529444693 7.0920454217499023e-06
leaf_weight=2107 38 25 32 21 21 20 138 21 88 97 37 20 20 20 123 610 171 28 30 29 24 24 34 47 29 20 524 20
leaf_count=2107 38 25 32 21 21 20 138 21 88 97 37 20 20 20 123 610 171 28 30 29 24 24 34 47 29 20 524 20
internal_value=-0.000315413 0.00190017 0.00434997 0.00236685 -0.000467049 -2.41928e-05 0.000964283 0.00313886 -0.000355262 0.000749997 0.0027115 0.00583522 0.000629304 -3.3707e-05 -0.000344592 -0.000630754 -0.000355262 0.000442052 0.00199808 0.000997564 0.00208015 0.000321424 -0.00040116 -0.000302234 -0.000649402 -0.000149996 -0.00070253 -0.000472217
internal_weight=4418 283 115 77 4135 1116 280 108 836 175 78 41 87 168 148 3019 912 302 131 103 53 56 172 67 661 50 632 108
internal_count=4418 283 115 77 4135 1116 280 108 836 175 78 41 87 168 148 3019 912 302 131 103 53 56 172 67 661 50 632 108
cat_boundaries=0 1 2
cat_threshold=548 544
is_linear=0
shrinkage=0.03


Tree=33
num_leaves=29
num_cat=2
split_feature=9 20 10 9 7 18 19 9 5 11 9 7 8 20 8 19 20 9 8 2 17 17 7 4 2 8 4 9
split_gain=3.18108 0.761116 0.544656 1.14033 0.579254 0.318629 0.225882 0.435276 0.799105 0.171334 0.808502 1.42913 0.294003 0.164615 1.31942 0.0788218 0.286573 0.541287 0.0538868 0.115147 0.041646 0.152935 0.0342847 0.0323947 0.0303909 0.0280737 0.0082867 0.0413034
threshold=0.97957695113056176 0.56498757140591482 -0.5 0.53610503282275734 0.19614921917087011 0.42500000000000004 0 0.65134938001458809 0.38235294117647062 0.6830127018922193 0.5970094821298324 0.065317751259371823 0.32168781531003504 0.44566508779923081 0.1160777868849175 1 0.47964949943148871 0.65134938001458809 0.17733378743684181 0.10677083333333334 0.30810143817547447 0.31759145956763773 0.11025409381555228 0.12760416666666669 0.023437500000000003 0.12224515550543266 0.11718750000000001 0.48322392414296145
decision_type=2 2 2 2 2 2 1 2 2 2 2 2 2 2 2 1 2 2 2 2 2 2 2 2 2 2 2 2
left_child=1 9 3 -3 5 -4 7 22 -9 12 13 24 15 20 -15 16 -1 -18 19 -8 -11 -22 -7 25 -12 -16 -17 -28
right_child=-2 2 4 -5 -6 6 18 8 -10 10 11 -13 -14 14 23 26 17 -19 -20 -21 21 -23 -24 -25 -26 -27 27 -29
leaf_value=-0.0015309366056926641 0.0011321626080041151 -0.00043736589495893134 0.00041627628333772685 0.001274309491351824 0.00034570900918785922 -0.00030245528332387606 7.3528192984932117e-05 0.00056390868811359075 -9.2971625309460991e-05 -0.0022001308942458894 -0.0033358835688871496 0.00065910529711138096 4.2701829281526448e-05 0.00048250138992056191 -7.1723126358414581e-05 -0.0012296262611583614 -0.0018736070155596809 0.00011568518439229249 -6.0786932043907301e-05 -1.3383016017098615e-05 3.7004074474423163e-05 -0.0020365664571368697 1.1337213541148372e-05 -1.3755159368936072e-05 -0.00033057563603803908 -0.00017067965185646857 6.2809217659428709e-06 -0.00012777565271750117
leaf_weight=190 29 34 20 35 29 54 22 22 21 654 31 26 29 31 31 2332 38 27 253 38 20 65 21 23 20 208 20 95
leaf_count=190 29 34 20 35 29 54 22 22 21 654 31 26 29 31 31 2332 38 27 253 38 20 65 21 23 20 208 20 95
internal_value=-0.000308623 -0.000374059 0.000670765 0.003163 0.0003125 4.82268e-05 -0.000123549 0.000949212 0.00343597 -0.000523437 -0.000208971 0.00275646 -0.000651134 -0.000430231 0.000171502 -0.000683382 -0.000155659 0.00155767 -0.000541019 0.000249997 -0.000668808 -4.41164e-05 -0.000349995 -0.00052099 -0.000161761 -0.000624474 -0.000734736 -0.000489125
internal_weight=4418 4389 549 69 480 451 431 118 43 3840 1109 77 2731 1032 293 2702 255 65 313 60 739 85 75 262 51 239 2447 115
internal_count=4418 4389 549 69 480 451 431 118 43 3840 1109 77 2731 1032 293 2702 255 65 313 60 739 85 75 262 51 239 2447 115
cat_boundaries=0 1 2
cat_threshold=544 512
is_linear=0
shrinkage=0.03


end of trees

feature_importances:
seasonality_index=111
units_sold=95
rolling_std_7=90
rolling_std_30=81
rolling_mean_7=71
days_to_holiday=62
rolling_mean_30=52
month_cos=50
month_sin=42
lag_30=40
lag_1=31
lag_14=31
lag_7=30
category=28
trend_strength=26
anchor=21
acceleration=15
dow_cos=11
dow_sin=7
is_holiday=2

parameters:
[boosting: gbdt]
[objective: quantile]
[metric: quantile]
[tree_learner: serial]
[device_type: cpu]
[data_sample_strategy: bagging]
[data: ]
[valid: ]
[num_iterations: 1000]
[learning_rate: 0.03]
[num_leaves: 31]
[num_threads: 0]
[seed: 42]
[deterministic: 0]
[force_col_wise: 0]
[force_row_wise: 0]
[histogram_pool_size: -1]
[max_depth: -1]
[min_data_in_leaf: 20]
[min_sum_hessian_in_leaf: 0.001]
[bagging_fraction: 0.8]
[pos_bagging_fraction: 1]
[neg_bagging_fraction: 1]
[bagging_freq: 5]
[bagging_seed: 400]
[bagging_by_query: 0]
[feature_fraction: 0.8]
[feature_fraction_bynode: 1]
[feature_fraction_seed: 30056]
[extra_trees: 0]
[extra_seed: 12879]
[early_stopping_round: 0]
[early_stopping_min_delta: 0]
[first_metric_only: 0]
[max_delta_step: 0]
[lambda_l1: 0]
[lambda_l2: 0.001]
[linear_lambda: 0]
[min_gain_to_split: 0]
[drop_rate: 0.1]
[max_drop: 50]
[skip_drop: 0.5]
[xgboost_dart_mode: 0]
[uniform_drop: 0]
[drop_seed: 17869]
[top_rate: 0.2]
[other_rate: 0.1]
[min_data_per_group: 100]
[max_cat_threshold: 32]
[cat_l2: 10]
[cat_smooth: 10]
[max_cat_to_onehot: 4]
[top_k: 20]
[monotone_constraints: ]
[monotone_constraints_method: basic]
[monotone_penalty: 0]
[feature_contri: ]
[forcedsplits_filename: ]
[refit_decay_rate: 0.9]
[cegb_tradeoff: 1]
[cegb_penalty_split: 0]
[cegb_penalty_feature_lazy: ]
[cegb_penalty_feature_coupled: ]
[path_smooth: 0]
[interaction_constraints: ]
[verbosity: -1]
[saved_feature_importance_type: 0]
[use_quantized_grad: 0]
[num_grad_quant_bins: 4]
[quant_train_renew_leaf: 0]
[stochastic_rounding: 1]
[linear_tree: 0]
[max_bin: 255]
[max_bin_by_feature: ]
[min_data_in_bin: 3]
[bin_construct_sample_cnt: 200000]
[data_random_seed: 175]
[is_enable_sparse: 1]
[enable_bundle: 1]
[use_missing: 1]
[zero_as_missing: 0]
[feature_pre_filter: 1]
[pre_partition: 0]
[two_round: 0]
[header: 0]
[label_column: ]
[weight_column: ]
[group_column: ]
[ignore_column: ]
[categorical_feature: 19]
[forcedbins_filename: ]
[precise_float_parser: 0]
[parser_config_file: ]
[objective_seed: 16083]
[num_class: 1]
[is_unbalance: 0]
[scale_pos_weight: 1]
[sigmoid: 1]
[boost_from_average: 1]
[reg_sqrt: 0]
[alpha: 0.975]
[fair_c: 1]
[poisson_max_delta_step: 0.7]
[tweedie_variance_power: 1.5]
[lambdarank_truncation_level: 30]
[lambdarank_norm: 1]
[label_gain: ]
[lambdarank_position_bias_regularization: 0]
[eval_at: ]
[multi_error_top_k: 1]
[auc_mu_weights: ]
[num_machines: 1]
[local_listen_port: 12400]
[time_out: 120]
[machine_list_filename: ]
[machines: ]
[gpu_platform_id: -1]
[gpu_device_id: -1]
[gpu_use_dp: 0]
[num_gpu: 1]

end of parameters

pandas_categorical:[["auto", "bed_bath_table", "computers_accessories", "furniture_decor", "garden_tools", "health_beauty", "housewares", "sports_leisure", "telephony", "watches_gifts"]]
